    unsorted:	 2.466315580e-05 8.705551114 2.516819265 18.06385286 68.84155986 39.17070121 114.9917192 389.6053703 537.8322499 1756.935765 2217.568334 2550.177704 2994.263230 3641.097147 4897.683880 6454.983436 35796.78996 37705.66235 37394.84466 39297.90814 34511.29443 41029.79446 42515.96591 32804.64387 31500.12210 43830.32966 46009.02450 45869.32585 47333.89569 27119.06882 23452.62328 24393.37135 21933.86551 15867.67138 14875.91075 53063.30456 52867.27825 51919.26239 54049.90613 54813.40742 55253.94020 58186.12369 58899.97234 59378.87800 62324.17102 67564.39949 71422.64717 188515.2390 335720.5753 1213277.618 2671857.660
      sorted:	 2.466315580e-05 2.516819265 8.705551114 18.06385286 39.17070121 68.84155986 114.9917192 389.6053703 537.8322499 1756.935765 2217.568334 2550.177704 2994.263230 3641.097147 4897.683880 6454.983436 14875.91075 15867.67138 21933.86551 23452.62328 24393.37135 27119.06882 31500.12210 32804.64387 34511.29443 35796.78996 37394.84466 37705.66235 39297.90814 41029.79446 42515.96591 43830.32966 45869.32585 46009.02450 47333.89569 51919.26239 52867.27825 53063.30456 54049.90613 54813.40742 55253.94020 58186.12369 58899.97234 59378.87800 62324.17102 67564.39949 71422.64717 188515.2390 335720.5753 1213277.618 2671857.660
