    unsorted:	 72.79223384 77.84323768 25.04269134 8.853032435 39.32665843 270.0689891 413.0077634 537.4429203 1786.847980 1481.760493 2289.804517 2721.673130 3042.077695 4113.966834 5581.141065 7104.186024 16331.18671 16377.55971 21537.16660 24528.30735 23977.84242 26741.05663 31033.84836 29833.45606 36202.49377 37136.32052 34312.19046 39387.11867 39133.47585 39982.09382 41115.56351 41624.78342 44633.92530 46910.91899 47972.09050 49420.03270 50076.51304 52696.33354 53730.55419 55827.28561 56898.11576 58312.61956 59742.19560 62892.31324 63763.89278 68158.55799 114290.9147 335964.3017 4618576.425 4971716.966
      sorted:	 8.853032435 25.04269134 39.32665843 72.79223384 77.84323768 270.0689891 413.0077634 537.4429203 1481.760493 1786.847980 2289.804517 2721.673130 3042.077695 4113.966834 5581.141065 7104.186024 16331.18671 16377.55971 21537.16660 23977.84242 24528.30735 26741.05663 29833.45606 31033.84836 34312.19046 36202.49377 37136.32052 39133.47585 39387.11867 39982.09382 41115.56351 41624.78342 44633.92530 46910.91899 47972.09050 49420.03270 50076.51304 52696.33354 53730.55419 55827.28561 56898.11576 58312.61956 59742.19560 62892.31324 63763.89278 68158.55799 114290.9147 335964.3017 4618576.425 4971716.966
