Model_1 

Estimated annual F's 
 0.15817 0.211758 0.216987 0.215934 0.194688 0.175913 0.172907 0.190725 0.233203 0.279486 0.440441 0.766961 0.928169 0.719049 0.676048 0.595803 0.582991 0.617626 0.551153 0.616706 0.539401 0.479671 0.239911 0.228137 0.189734 0.178474 0.166966 0.157136 0.16536 0.121113
Total mortality (Z)
 0.334445 0.348175 0.385994 0.436497 0.471083 0.50392 0.544888 0.575138 0.589911 0.589911 0.589911
 0.335843 0.353772 0.403149 0.469587 0.516295 0.561214 0.616885 0.659052 0.681181 0.681181 0.681181
 0.335717 0.354541 0.425931 0.500623 0.522591 0.559751 0.608961 0.654936 0.6846 0.6846 0.6846
 0.335613 0.353382 0.41667 0.498198 0.535773 0.571558 0.61369 0.650318 0.676689 0.676689 0.676689
 0.335326 0.350086 0.392114 0.465427 0.540002 0.583932 0.598695 0.61673 0.629753 0.629753 0.629753
 0.335629 0.352969 0.391018 0.450234 0.520648 0.567392 0.579381 0.585547 0.594076 0.594076 0.594076
 0.335778 0.351857 0.395942 0.45628 0.516249 0.573897 0.587215 0.584408 0.576783 0.576783 0.576783
 0.336496 0.351548 0.393117 0.454787 0.511198 0.594876 0.653426 0.641025 0.597168 0.597168 0.597168
 0.338782 0.359836 0.403172 0.467852 0.544058 0.648276 0.729045 0.708399 0.66527 0.66527 0.66527
 0.341577 0.370599 0.430259 0.488519 0.570152 0.665762 0.784539 0.799147 0.751263 0.751263 0.751263
 0.34922 0.388653 0.47897 0.593066 0.737491 0.892588 0.983549 1.03507 1.00541 1.00541 1.00541
 0.366497 0.436827 0.58354 0.78416 1.05801 1.42483 1.49685 1.47031 1.48185 1.48185 1.48185
 0.391216 0.532101 0.830618 1.00896 1.21041 1.49699 1.57044 1.63999 1.71971 1.71971 1.71971
 0.371769 0.527359 0.891833 0.955537 1.05758 1.18413 1.22262 1.2821 1.34887 1.34887 1.34887
 0.366634 0.548708 0.941568 0.964696 0.967083 1.06787 1.1468 1.22686 1.27877 1.27877 1.27877
 0.361136 0.540239 0.772375 0.847457 0.878512 0.976594 1.06404 1.14777 1.19857 1.19857 1.19857
 0.362447 0.483668 0.733064 0.876992 0.902685 0.986264 1.0642 1.12509 1.1695 1.1695 1.1695
 0.359132 0.478371 0.726552 0.934911 0.983993 1.0424 1.10264 1.16313 1.21092 1.21092 1.21092
 0.3593 0.462643 0.706475 0.944999 0.99103 0.993934 1.0015 1.03337 1.06648 1.06648 1.06648
 0.362826 0.46652 0.737077 1.06069 1.13476 1.09187 1.06927 1.09533 1.1318 1.1318 1.1318
 0.373057 0.495001 0.756403 0.952731 0.942862 0.941372 0.963138 1.0049 1.04465 1.04465 1.04465
 0.366034 0.492565 0.768267 0.896423 0.881811 0.869667 0.878181 0.911309 0.947376 0.947376 0.947376
 0.347154 0.419162 0.582487 0.625095 0.608045 0.589497 0.591277 0.611459 0.631614 0.631614 0.631614
 0.346457 0.418992 0.605032 0.635635 0.59171 0.565488 0.567352 0.587194 0.607215 0.607215 0.607215
 0.345933 0.404851 0.546596 0.597232 0.553027 0.524684 0.525243 0.542457 0.559018 0.559018 0.559018
 0.344242 0.39667 0.536148 0.598991 0.551269 0.516746 0.509961 0.523291 0.538634 0.538634 0.538634
 0.346267 0.404773 0.523174 0.570768 0.533431 0.502676 0.496699 0.509115 0.526573 0.526573 0.526573
 0.346241 0.400185 0.491758 0.546234 0.526011 0.504067 0.494965 0.501634 0.515801 0.515801 0.515801
 0.347045 0.403439 0.499325 0.556901 0.536406 0.513605 0.504041 0.510952 0.525747 0.525747 0.525747
 0.342672 0.385525 0.457739 0.498874 0.480609 0.4627 0.45564 0.461143 0.472447 0.472447 0.472447
Estimated numbers of fish 
       Year: 1992  803296 411716 241223 134407 113240 81825.9 59375.2 37634.4 24499.8 13943.6 50190.2
       Year: 1993  1.01958e+06 574947 290661 163977 86866.6 70698.9 49435.7 34432.1 21174.1 13582.1 35554.3
       Year: 1994  1.13278e+06 728733 403633 194223 102528 51835.7 40334.9 26676.7 17813.1 10714.5 24864
       Year: 1995  1.00911e+06 809738 511202 263637 117729 60797.4 29616.4 21938.8 13857.9 8983.02 17942
       Year: 1996  931331 721410 568686 337004 160192 68897 34329 16032.8 11449.4 7043.91 13685.9
       Year: 1997  576577 665999 508326 384220 211594 93351.7 38424 18864.7 8653.02 6099.36 11043.2
       Year: 1998  542936 412188 467931 343815 244932 125715 52930.6 21526.8 10503.9 4777.09 9463.96
       Year: 1999  372978 388081 289925 314939 217854 146164 70818.7 29422.7 11999.8 5900.07 7999.23
       Year: 2000  300236 266406 273053 195685 199855 130664 80628.7 36844.2 15498.5 6604.32 7649.74
       Year: 2001  217705 213959 185896 182453 122566 115993 68330.1 38892.8 18143.2 7968.3 7328.5
       Year: 2002  154750 154712 147701 120895 111941 69303.9 59606.9 31181.1 17490.6 8559.44 7216.58
       Year: 2003  190690 109136 104890 91488.8 66810.5 53542.9 28386.5 22291.9 11075.6 6399.68 5772.33
       Year: 2004  230698 132178 70510.6 58520.1 41764.9 23193 12879.7 6353.83 5123.87 2516.56 2765.69
       Year: 2005  269252 156006 77637.6 30727.1 21336.3 12449.1 5190.68 2678.38 1232.53 917.775 946.143
       Year: 2006  354427 185653 92068.8 31823.9 11817.8 7409.97 3809.58 1528.44 743.126 319.883 483.749
       Year: 2007  306046 245640 107251 35908.3 12128.1 4493.02 2547.1 1210.12 448.159 206.871 223.715
       Year: 2008  311518 213279 143112 49540.7 15386.8 5038 1692.03 878.895 384.023 135.176 129.876
       Year: 2009  223328 216808 131490 68756.1 20610.5 6239.04 1879.01 583.759 285.311 119.248 82.3046
       Year: 2010  216661 155946 134376 63585.2 26995.1 7704.53 2199.92 623.821 182.429 85.0009 60.0472
       Year: 2011  271127 151265 98186.3 66298.4 24714.3 10020.4 2851.58 808.091 221.959 62.7955 49.9283
       Year: 2012  251268 188625 94870.5 46983.2 22953.6 7945.61 3362.73 978.828 270.248 71.5711 36.3479
       Year: 2013  242366 173030 114980 44527.6 18120.8 8940.7 3099.52 1283.53 358.332 95.0775 37.9676
       Year: 2014  273227 168076 105731 53329.6 18168.5 7502.58 3746.97 1287.97 515.976 138.946 51.5892
       Year: 2015  279770 193089 110526 59051.6 28542.6 9891.17 4160.98 2074.4 698.798 274.362 101.314
       Year: 2016  368493 197850 126996 60353.6 31273.7 15794.9 5619 2359.38 1153.12 380.751 204.693
       Year: 2017  348517 260731 131981 73520.3 33214.6 17988.8 9346.5 3323.14 1371.55 659.323 334.74
       Year: 2018  428082 247014 175356 77208.6 40389.5 19138.9 10729.6 5612.75 1969.19 800.362 580.08
       Year: 2019  308732 302793 164790 103922 43629.9 23692 11577.3 6529.35 3373.42 1163.05 815.324
       Year: 2020  214169 218379 202931 100777 60184.2 25783.4 14311.6 7057.42 3953.78 2014 1181.13
       Year: 2021  269764 151369 145881 123167 57743.5 35198.6 15427.1 8645.43 4233.92 2337.13 1888.69

Estimated F mortality 
Fishery 1 : 
        Year: 1992  0.00327658 0.0142754 0.0446752 0.0814436 0.0974096 0.108197 0.124487 0.128436 0.118655 0.118655 0.118655 
        Year: 1993  0.00340842 0.0148499 0.0464728 0.0847207 0.101329 0.112551 0.129496 0.133604 0.12343 0.12343 0.12343 
        Year: 1994  0.00321492 0.0150785 0.0626721 0.105042 0.0992432 0.099871 0.107264 0.1111 0.10989 0.10989 0.10989 
        Year: 1995  0.00317943 0.0141414 0.0550582 0.100876 0.104626 0.104254 0.106123 0.104255 0.102689 0.102689 0.102689 
        Year: 1996  0.00356245 0.0134921 0.040808 0.0848281 0.123049 0.135251 0.123323 0.112672 0.105885 0.105885 0.105885 
        Year: 1997  0.00414648 0.0168774 0.0410329 0.0721406 0.111447 0.132157 0.123459 0.110495 0.104388 0.104388 0.104388 
        Year: 1998  0.00402707 0.0148091 0.0402239 0.0658193 0.0983156 0.131986 0.127756 0.110163 0.0981732 0.0981732 0.0981732 
        Year: 1999  0.00495475 0.015646 0.0414859 0.0737212 0.105654 0.152723 0.170779 0.144908 0.117956 0.117956 0.117956 
        Year: 2000  0.00689531 0.0225184 0.0488589 0.0794724 0.120957 0.181672 0.226437 0.195273 0.157667 0.157667 0.157667 
        Year: 2001  0.0101839 0.0345331 0.0785226 0.109003 0.155079 0.210981 0.271951 0.26382 0.2277 0.2277 0.2277 
        Year: 2002  0.0147092 0.0436861 0.106132 0.170231 0.239912 0.298806 0.317593 0.330814 0.325416 0.325416 0.325416 
        Year: 2003  0.0284221 0.0814398 0.185655 0.308363 0.441661 0.567735 0.558278 0.532445 0.563334 0.563334 0.563334 
        Year: 2004  0.0416326 0.136486 0.329993 0.409873 0.477153 0.564095 0.575907 0.607423 0.664208 0.664208 0.664208 
        Year: 2005  0.0359868 0.170377 0.478121 0.496014 0.510583 0.548789 0.57064 0.614581 0.678968 0.678968 0.678968 
        Year: 2006  0.0319894 0.191813 0.521053 0.486314 0.438051 0.478595 0.527936 0.574509 0.618364 0.618364 0.618364 
        Year: 2007  0.0247451 0.166013 0.319969 0.316359 0.294772 0.315418 0.355327 0.392113 0.417299 0.417299 0.417299 
        Year: 2008  0.0231313 0.105289 0.245153 0.281202 0.260691 0.271151 0.294147 0.317142 0.333442 0.333442 0.333442 
        Year: 2009  0.0195677 0.0927851 0.213158 0.273334 0.265302 0.264978 0.274712 0.289483 0.301669 0.301669 0.301669 
        Year: 2010  0.0194605 0.0814381 0.217286 0.320389 0.316474 0.301391 0.297239 0.305909 0.315701 0.315701 0.315701 
        Year: 2011  0.0206537 0.0744308 0.193642 0.312929 0.320013 0.302054 0.295258 0.300526 0.30781 0.30781 0.30781 
        Year: 2012  0.0273303 0.0802888 0.180291 0.259475 0.263627 0.266466 0.276254 0.28931 0.299337 0.299337 0.299337 
        Year: 2013  0.0216429 0.079648 0.176333 0.215773 0.222589 0.23085 0.240673 0.253191 0.263786 0.263786 0.263786 
        Year: 2014  0.00866528 0.0337163 0.0751038 0.0875067 0.0905269 0.0915807 0.0958164 0.102977 0.108072 0.108072 0.108072 
        Year: 2015  0.00802674 0.0292786 0.0725574 0.0833324 0.0804193 0.0804041 0.0857439 0.093338 0.0989469 0.0989469 0.0989469 
        Year: 2016  0.00874823 0.0296899 0.0665895 0.085983 0.0843528 0.0828946 0.0881483 0.0967563 0.103019 0.103019 0.103019 
        Year: 2017  0.0063814 0.0223317 0.0576392 0.0801355 0.0801026 0.0781479 0.0801628 0.0863279 0.0909739 0.0909739 0.0909739 
        Year: 2018  0.006314 0.0194976 0.0450432 0.067668 0.074469 0.0744527 0.0759358 0.0803164 0.0849911 0.0849911 0.0849911 
        Year: 2019  0.00604375 0.0171349 0.0422317 0.07868 0.100485 0.101599 0.0977237 0.0966715 0.0989905 0.0989905 0.0989905 
        Year: 2020  0.00643107 0.018233 0.0449381 0.0837224 0.106924 0.10811 0.103986 0.102867 0.105334 0.105334 0.105334 
        Year: 2021  0.004415 0.0125171 0.0308505 0.0574763 0.0734048 0.0742185 0.0713879 0.0706192 0.0723133 0.0723133 0.0723133 
Fishery 2 : 
        Year: 1992  0.000237398 0.000733341 0.00207197 0.00489218 0.00930962 0.0146832 0.0206235 0.0271899 0.0335558 0.0335558 0.0335558 
        Year: 1993  0.000435143 0.00134419 0.00379786 0.00896721 0.0170642 0.0269139 0.0378023 0.0498382 0.0615067 0.0615067 0.0615067 
        Year: 1994  0.000511263 0.00162756 0.00470692 0.011223 0.0212419 0.0335585 0.0469576 0.0608385 0.0714299 0.0714299 0.0714299 
        Year: 1995  0.000595726 0.00202491 0.00616255 0.0150003 0.0279128 0.042217 0.057884 0.0732829 0.0844813 0.0844813 0.0844813 
        Year: 1996  0.000786504 0.0029226 0.00972611 0.0243183 0.0440843 0.0634712 0.0820211 0.101739 0.115299 0.115299 0.115299 
        Year: 1997  0.000408168 0.00168656 0.00634124 0.0167584 0.0280122 0.0381166 0.0475623 0.0565739 0.063254 0.063254 0.063254 
        Year: 1998  0.000193801 0.00087152 0.00407648 0.0114492 0.0164838 0.020533 0.0253706 0.0303575 0.0322707 0.0322707 0.0322707 
        Year: 1999  0.000429104 0.00193489 0.00848429 0.0221561 0.0330763 0.0494675 0.0705862 0.0804114 0.0733007 0.0733007 0.0733007 
        Year: 2000  0.000448073 0.00206894 0.00890934 0.0243601 0.0393017 0.0573368 0.0726936 0.0806484 0.0807036 0.0807036 0.0807036 
        Year: 2001  0.00059838 0.00285446 0.0113729 0.0276757 0.0483645 0.0713564 0.105344 0.119526 0.11321 0.11321 0.11321 
        Year: 2002  0.00063367 0.00258996 0.00921282 0.025657 0.0527297 0.0905076 0.121268 0.137282 0.126856 0.126856 0.126856 
        Year: 2003  0.00106196 0.00410799 0.0141065 0.039083 0.0927007 0.194485 0.234 0.236175 0.224005 0.224005 0.224005 
        Year: 2004  0.00152006 0.00608865 0.0240808 0.0745528 0.157086 0.284242 0.328475 0.347756 0.346885 0.346885 0.346885 
        Year: 2005  0.00073065 0.00321422 0.0139887 0.0410361 0.0942458 0.146107 0.154709 0.160875 0.157232 0.157232 0.157232 
        Year: 2006  0.000951347 0.00510069 0.0248948 0.0636459 0.0986713 0.134253 0.149901 0.168183 0.170556 0.170556 0.170556 
        Year: 2007  0.00153788 0.0110182 0.0404764 0.0814722 0.110268 0.148877 0.170634 0.192302 0.203759 0.203759 0.203759 
        Year: 2008  0.00329865 0.0190705 0.0751216 0.143618 0.177653 0.225905 0.260181 0.282891 0.299837 0.299837 0.299837 
        Year: 2009  0.00360116 0.0216759 0.0748315 0.139293 0.165253 0.191666 0.214019 0.234043 0.249612 0.249612 0.249612 
        Year: 2010  0.00485679 0.0275254 0.0896433 0.175175 0.21148 0.226105 0.234991 0.250662 0.26629 0.26629 0.26629 
        Year: 2011  0.0068287 0.0370875 0.132024 0.263231 0.308581 0.292819 0.282496 0.296347 0.315799 0.315799 0.315799 
        Year: 2012  0.0061239 0.0422356 0.130026 0.192831 0.183431 0.180313 0.186501 0.202766 0.220094 0.220094 0.220094 
        Year: 2013  0.0051961 0.0359683 0.123698 0.168309 0.155347 0.142766 0.140715 0.15063 0.163536 0.163536 0.163536 
        Year: 2014  0.00270435 0.0197555 0.066197 0.0775045 0.0689612 0.0607909 0.0593924 0.0641013 0.0698385 0.0698385 0.0698385 
        Year: 2015  0.00234945 0.0174262 0.0598484 0.0656047 0.0531472 0.0451344 0.0439196 0.0474488 0.0516961 0.0516961 0.0516961 
        Year: 2016  0.00205348 0.0139788 0.0477868 0.0575057 0.043212 0.0342042 0.0323982 0.0349369 0.038146 0.038146 0.038146 
        Year: 2017  0.00211539 0.012379 0.0420243 0.0532177 0.0391179 0.0295519 0.0268842 0.0288007 0.0318115 0.0318115 0.0318115 
        Year: 2018  0.00246505 0.0140887 0.0379402 0.0439512 0.032129 0.0240171 0.0220104 0.024019 0.027273 0.027273 0.027273 
        Year: 2019  0.00276718 0.0145649 0.0327731 0.0373616 0.025406 0.0189746 0.0175654 0.0197269 0.0229976 0.0229976 0.0229976 
        Year: 2020  0.00285493 0.0150268 0.0338124 0.0385463 0.0262116 0.0195763 0.0181224 0.0203525 0.0237269 0.0237269 0.0237269 
        Year: 2021  0.00220503 0.011606 0.0261153 0.0297716 0.0202448 0.0151199 0.013997 0.0157194 0.0183256 0.0183256 0.0183256 
Fishery 3 : 
        Year: 1992  0.00022781 0.000992526 0.00310612 0.00566252 0.00677259 0.0075226 0.00865517 0.00892973 0.00824974 0.00824974 0.00824974 
        Year: 1993  0.00110653 0.00482093 0.0150872 0.0275041 0.032896 0.036539 0.0420401 0.0433737 0.0400709 0.0400709 0.0400709 
        Year: 1994  0.000993754 0.00466087 0.0193724 0.0324694 0.0306768 0.0308709 0.0331562 0.0343419 0.0339678 0.0339678 0.0339678 
        Year: 1995  0.00092326 0.00410646 0.0159881 0.0292929 0.0303818 0.0302738 0.0308167 0.030274 0.0298194 0.0298194 0.0298194 
        Year: 1996  0.000553466 0.00209615 0.00633998 0.013179 0.019117 0.0210128 0.0191597 0.0175048 0.0164503 0.0164503 0.0164503 
        Year: 1997  0.000539366 0.00219538 0.00533747 0.0093839 0.0144967 0.0171906 0.0160593 0.0143729 0.0135785 0.0135785 0.0135785 
        Year: 1998  0.00100526 0.00369671 0.0100409 0.0164301 0.024542 0.032947 0.0318911 0.0274993 0.0245064 0.0245064 0.0245064 
        Year: 1999  0.000776261 0.00245126 0.0064996 0.0115499 0.0165528 0.0239272 0.026756 0.0227028 0.0184801 0.0184801 0.0184801 
        Year: 2000  0.00103182 0.00336967 0.00731127 0.0118923 0.0181001 0.0271855 0.0338841 0.0292208 0.0235934 0.0235934 0.0235934 
        Year: 2001  0.000419422 0.00142224 0.00323393 0.00448927 0.00638691 0.0086892 0.0112003 0.0108654 0.00937779 0.00937779 0.00937779 
        Year: 2002  0.00310586 0.00922434 0.0224099 0.0359443 0.0506576 0.063093 0.0670598 0.0698515 0.0687117 0.0687117 0.0687117 
        Year: 2003  0.00583349 0.0167151 0.0381048 0.0632899 0.0906486 0.116525 0.114584 0.109282 0.115621 0.115621 0.115621 
        Year: 2004  0.0176368 0.0578195 0.139794 0.173634 0.202136 0.238967 0.243971 0.257322 0.281378 0.281378 0.281378 
        Year: 2005  0.00460666 0.0218099 0.0612041 0.0634946 0.0653595 0.0702503 0.0730474 0.0786723 0.0869145 0.0869145 0.0869145 
        Year: 2006  0.00314017 0.0188289 0.0511481 0.0477379 0.0430004 0.0469802 0.0518237 0.0563954 0.0607004 0.0607004 0.0607004 
        Year: 2007  0.00341963 0.022942 0.0442178 0.0437189 0.0407358 0.0435889 0.0491041 0.0541877 0.0576683 0.0576683 0.0576683 
        Year: 2008  0.00445453 0.0202761 0.0472107 0.0541528 0.0502028 0.0522171 0.0566457 0.0610738 0.064213 0.064213 0.064213 
        Year: 2009  0.00155306 0.00736419 0.0169179 0.021694 0.0210565 0.0210308 0.0218034 0.0229757 0.0239429 0.0239429 0.0239429 
        Year: 2010  0.00307475 0.0128672 0.0343313 0.0506215 0.0500029 0.0476198 0.0469638 0.0483336 0.0498809 0.0498809 0.0498809 
        Year: 2011  0.0021985 0.00792283 0.0206124 0.0333099 0.034064 0.0321523 0.0314289 0.0319897 0.0327651 0.0327651 0.0327651 
        Year: 2012  0.00599887 0.017623 0.0395729 0.0569535 0.0578649 0.058488 0.0606364 0.0635022 0.0657031 0.0657031 0.0657031 
        Year: 2013  0.00515099 0.0189561 0.0419671 0.0513537 0.0529759 0.054942 0.05728 0.0602592 0.0627809 0.0627809 0.0627809 
        Year: 2014  0.00192337 0.00748377 0.0166703 0.0194233 0.0200936 0.0203275 0.0212677 0.022857 0.0239879 0.0239879 0.0239879 
        Year: 2015  0.000746467 0.00272283 0.00674766 0.0077497 0.00747879 0.00747739 0.00797397 0.0086802 0.00920182 0.00920182 0.00920182 
        Year: 2016  0.00109746 0.00372456 0.00835358 0.0107865 0.010582 0.010399 0.0110581 0.012138 0.0129237 0.0129237 0.0129237 
        Year: 2017  0.000706572 0.00247265 0.00638203 0.00887291 0.00886926 0.00865283 0.00887592 0.00955855 0.010073 0.010073 0.010073 
        Year: 2018  0.000611981 0.0018898 0.00436579 0.00655868 0.00721786 0.00721629 0.00736003 0.00778462 0.00823772 0.00823772 0.00823772 
        Year: 2019  0.000255898 0.000725506 0.00178813 0.00333138 0.00425461 0.00430177 0.00413771 0.00409316 0.00419135 0.00419135 0.00419135 
        Year: 2020  0.000272608 0.000772882 0.00190489 0.00354893 0.00453244 0.00458269 0.00440791 0.00436045 0.00446505 0.00446505 0.00446505 
        Year: 2021  0.000186959 0.000530056 0.00130641 0.00243391 0.00310843 0.00314288 0.00302302 0.00299047 0.00306221 0.00306221 0.00306221 
Fishery 4 : 
        Year: 1992  0.000703579 0.00217341 0.00614072 0.014499 0.027591 0.0435168 0.0611221 0.0805829 0.0994496 0.0994496 0.0994496 
        Year: 1993  0.000892643 0.00275744 0.00779084 0.0183951 0.0350052 0.0552105 0.0775467 0.102237 0.126173 0.126173 0.126173 
        Year: 1994  0.000997136 0.00317429 0.00918009 0.0218886 0.0414289 0.0654505 0.0915832 0.118656 0.139312 0.139312 0.139312 
        Year: 1995  0.000914581 0.00310871 0.00946099 0.0230291 0.0428528 0.0648133 0.0888658 0.112507 0.129699 0.129699 0.129699 
        Year: 1996  0.000423745 0.00157461 0.00524014 0.013102 0.0237513 0.0341964 0.0441906 0.0548142 0.0621196 0.0621196 0.0621196 
        Year: 1997  0.000534653 0.0022092 0.0083063 0.0219516 0.0366928 0.0499284 0.0623012 0.0741053 0.0828555 0.0828555 0.0828555 
        Year: 1998  0.000551502 0.00248009 0.0116005 0.0325811 0.0469079 0.0584309 0.0721972 0.0863885 0.0918329 0.0918329 0.0918329 
        Year: 1999  0.000336203 0.00151598 0.00664744 0.0173593 0.0259153 0.0387578 0.0553043 0.0630023 0.0574311 0.0574311 0.0574311 
        Year: 2000  0.000407004 0.0018793 0.00809273 0.0221273 0.0356994 0.0520815 0.0660307 0.0732564 0.0733065 0.0733065 0.0733065 
        Year: 2001  0.000375145 0.00178956 0.00713004 0.0173509 0.0303213 0.0447358 0.0660437 0.0749348 0.0709752 0.0709752 0.0709752 
        Year: 2002  0.000771416 0.00315296 0.0112155 0.0312342 0.0641919 0.110182 0.147629 0.167124 0.154431 0.154431 0.154431 
        Year: 2003  0.00117992 0.00456431 0.0156734 0.0434244 0.102998 0.216089 0.259993 0.26241 0.248888 0.248888 0.248888 
        Year: 2004  0.000426125 0.00170686 0.00675069 0.0208998 0.0440367 0.0796829 0.0920832 0.0974883 0.097244 0.097244 0.097244 
        Year: 2005  0.000444975 0.0019575 0.00851927 0.0249915 0.0573968 0.0889808 0.0942198 0.0979749 0.095756 0.095756 0.095756 
        Year: 2006  0.000553039 0.00296514 0.0144719 0.0369987 0.0573597 0.0780443 0.0871409 0.0977685 0.0991481 0.0991481 0.0991481 
        Year: 2007  0.00143284 0.0102656 0.0377119 0.0759075 0.102737 0.138709 0.158979 0.179167 0.189842 0.189842 0.189842 
        Year: 2008  0.00156228 0.009032 0.0355784 0.0680192 0.0841383 0.106991 0.123225 0.13398 0.142006 0.142006 0.142006 
        Year: 2009  0.00441025 0.026546 0.0916444 0.170589 0.202382 0.234729 0.262104 0.286627 0.305694 0.305694 0.305694 
        Year: 2010  0.00190786 0.0108126 0.0352139 0.0688128 0.0830739 0.088819 0.0923098 0.0984656 0.104605 0.104605 0.104605 
        Year: 2011  0.00314468 0.0170791 0.0607983 0.12122 0.142105 0.134846 0.130092 0.136471 0.145428 0.145428 0.145428 
        Year: 2012  0.0036036 0.0248535 0.0765137 0.113471 0.10794 0.106105 0.109747 0.119318 0.129514 0.129514 0.129514 
        Year: 2013  0.00404391 0.0279926 0.0962693 0.130988 0.1209 0.111109 0.109513 0.117229 0.127273 0.127273 0.127273 
        Year: 2014  0.00386128 0.0282069 0.0945162 0.110661 0.0984629 0.0867973 0.0848006 0.0915239 0.0997155 0.0997155 0.0997155 
        Year: 2015  0.00533415 0.0395643 0.135879 0.148948 0.120665 0.102472 0.0997145 0.107727 0.11737 0.11737 0.11737 
        Year: 2016  0.00403359 0.0274582 0.093866 0.112957 0.0848798 0.0671861 0.0636386 0.0686254 0.0749288 0.0749288 0.0749288 
        Year: 2017  0.00503888 0.0294869 0.100102 0.126765 0.0931792 0.0703929 0.0640383 0.0686035 0.0757753 0.0757753 0.0757753 
        Year: 2018  0.00687563 0.0392969 0.105824 0.12259 0.0896156 0.0669896 0.0613923 0.0669947 0.076071 0.076071 0.076071 
        Year: 2019  0.00717401 0.0377599 0.0849652 0.096861 0.0658658 0.0491923 0.0455387 0.0511427 0.0596219 0.0596219 0.0596219 
        Year: 2020  0.00748675 0.039406 0.0886693 0.101084 0.0687371 0.0513368 0.0475239 0.0533722 0.0622211 0.0622211 0.0622211 
        Year: 2021  0.00586538 0.030872 0.0694665 0.0791924 0.053851 0.040219 0.0372319 0.0418136 0.0487461 0.0487461 0.0487461 

survey q 
 1.29494 1.29494 1.29494 1.29494 1.29494 1.29494 1.29494 1.29494 1.29494 1.29494 1.29494 1.29494 1.29494 1.29494 1.29494 1.29494 1.29494 1.29494 1.29494 1.29494 1.29494 1.29494 1.29494 1.29494

Observed survey values 

Yr_Obs_Pred_Survey 1 : 
1992 -1  1.1548e+06
1993 198540 1.14422e+06
1994 -1  1.18185e+06
1995 505765 1.20141e+06
1996 -1  1.20376e+06
1997 712878 1.12848e+06
1998 -1  1.0449e+06
1999 899207 935940
2000 891598 812489
2001 917122 667254
2002 -1  485799
2003 -1  299117
2004 272084 196849
2005 223721 177934
2006 266596 199143
2007 278700 214821
2008 313778 225559
2009 322729 210124
2010 284575 191624
2011 290331 187958
2012 273954 189022
2013 224977 188428
2014 204997 207841
2015 211884 231962
2016 242920 274987
2017 301330 312364
2018 304710 359984
2019 356883 375874
2020 354003 358390
2021 342125 356919

Survey_Q:   1.29494 1.29494 1.29494 1.29494 1.29494 1.29494 1.29494 1.29494 1.29494 1.29494 1.29494 1.29494 1.29494 1.29494 1.29494 1.29494 1.29494 1.29494 1.29494 1.29494 1.29494 1.29494 1.29494 1.29494

Observed Prop 
ObsFishery 1 : 
1992  0.0114737 0.0618066 0.146377 0.169638 0.165326 0.132657 0.114577 0.0820644 0.0452168 0.0333997 0.0374637
1993  0.0640109 0.143728 0.162638 0.146539 0.0921866 0.0971638 0.0987506 0.0771043 0.051715 0.0349407 0.0312237
1994  0.0357941 0.126252 0.420429 0.289456 0.0763523 0.0187444 0.0129406 0.00540936 0.00660567 0.00251481 0.00550229
1995  0.0243075 0.113006 0.37633 0.316603 0.0986553 0.0392795 0.0158509 0.00533004 0.00310068 0.00270418 0.00483214
1996  0.00345688 0.0481767 0.173082 0.280356 0.222031 0.140616 0.0637493 0.0286754 0.0146061 0.00825131 0.016999
1997  0.02967 0.189339 0.207154 0.217569 0.221954 0.0978205 0.0219978 0.0050403 0.00154241 0.00573626 0.00217743
1998  0.0067836 0.0705653 0.232691 0.215528 0.211146 0.189879 0.0565531 0.0110489 0.00580506 0 0
1999  0.00030945 0.017179 0.12061 0.2276 0.215658 0.211614 0.138934 0.050761 0.0125912 0.0033645 0.00137834
2000  0 0.0782553 0.0932061 0.105331 0.190684 0.251805 0.197467 0.0641223 0.0145073 0.00436267 0.000260067
2001  0.00802251 0.0984447 0.1774 0.140013 0.126385 0.154126 0.182383 0.0842312 0.0239653 0.00352705 0.00150312
2002  0 0.0202987 0.0889593 0.152326 0.258897 0.159167 0.13567 0.0955759 0.0476264 0.0306273 0.010853
2003  0.00943111 0.0151349 0.0634879 0.0879192 0.208087 0.27936 0.128768 0.10147 0.0549828 0.0230733 0.0282867
2004  0.150591 0.201562 0.215632 0.160958 0.0856152 0.0962016 0.0356415 0.0139806 0.0271935 0.00839019 0.00423487
2005  0.0572594 0.262764 0.431943 0.0871423 0.0878241 0.0433604 0.0125842 0.00830886 0.00356055 0.002614 0.002639
2006  0.0545322 0.295269 0.484599 0.118105 0.019545 0.0127951 0.00576856 0.00444537 0.00384972 0.000650957 0.000439644
2007  0.0378568 0.56594 0.293837 0.0735392 0.013215 0.00992997 0.0022172 0.00262282 0.000290014 0.000187106 0.000364856
2008  0.105534 0.269976 0.384832 0.149223 0.035777 0.0275083 0.0149857 0.00608773 0.00263916 0.00158112 0.00185558
2009  0.0351503 0.299292 0.357555 0.205257 0.0547104 0.0295208 0.0108789 0.00448286 0.0018412 0.000829543 0.000481938
2010  0.0228006 0.186431 0.312856 0.274104 0.116602 0.0471733 0.0193632 0.00896739 0.00656052 0.00281566 0.00232676
2011  0.0516624 0.186046 0.282976 0.246537 0.12345 0.0573278 0.0253983 0.0137285 0.00584792 0.00337226 0.00365381
2012  0.19996 0.308187 0.285291 0.151413 0.024576 0.00857537 0.0067418 0.00682438 0.00405432 0.00264201 0.00173508
2013  0.0824212 0.310667 0.376534 0.137281 0.0411749 0.0252114 0.0130457 0.00506213 0.00386701 0.00355838 0.00117761
2014  0.0859013 0.303731 0.35319 0.148316 0.0658994 0.0240279 0.00877268 0.00666 0.00228463 0.0011414 7.49958e-05
2015  0.0803117 0.250196 0.396232 0.170715 0.065753 0.0208121 0.00961714 0.00488366 0.000935477 0.000396266 0.000148374
2016  0.153431 0.268888 0.306659 0.167497 0.0655868 0.0230865 0.00918934 0.00454198 0.000726779 0.000393607 0
2017  0.0325008 0.211815 0.333164 0.232348 0.0960466 0.0493403 0.0240079 0.0138576 0.00432302 0.00125464 0.00134283
2018  0.146027 0.240896 0.311978 0.180418 0.0782236 0.0230368 0.00986459 0.00662164 0.00267257 7.10962e-05 0.000190667
2019  0.103772 0.197793 0.240594 0.229451 0.13394 0.0617828 0.0198452 0.00917502 0.00262143 0.000981247 4.47649e-05
2020  0.00838449 0.0815624 0.253427 0.325113 0.202545 0.0827542 0.0286902 0.0108483 0.00402024 0.00206292 0.000593004
2021  0.00286657 0.0421398 0.144093 0.238778 0.191805 0.151577 0.0963193 0.0553377 0.0447493 0.00927095 0.0230638
ObsFishery 2 : 
1998  0 0.00685271 0.177127 0.334931 0.261802 0.144313 0.0459216 0.0196388 0.00941332 0 0
1999  0 0.00143298 0.0794764 0.200682 0.169452 0.196743 0.180679 0.114321 0.038903 0.0147982 0.00351311
2000  0 0.00428003 0.0938565 0.188567 0.239129 0.247159 0.13796 0.050674 0.023236 0.0151391 0
2001  0.0017359 0.0428588 0.110901 0.146986 0.148133 0.17014 0.200001 0.115021 0.0409291 0.00918383 0.0141102
2002  0 0.00251977 0.0194047 0.103219 0.19392 0.188582 0.218287 0.156739 0.0623815 0.0399685 0.0149779
2003  0.000107256 0.000682774 0.0130381 0.037618 0.137109 0.329142 0.181634 0.163921 0.0725781 0.0335946 0.0305757
2004  0.00750848 0.012343 0.0586912 0.185612 0.183708 0.217541 0.115847 0.0713982 0.0987162 0.0317699 0.0168649
2005  0.00293146 0.019462 0.111367 0.112282 0.276844 0.250776 0.0992979 0.0666514 0.0303585 0.0176603 0.0123693
2006  0.03059 0.0820582 0.307706 0.2736 0.122348 0.0974199 0.0353428 0.0323359 0.0157739 0.00225515 0.000569849
2007  0.0158465 0.309705 0.336647 0.205593 0.0622047 0.0498107 0.00863464 0.00839969 0.00106383 0.000476439 0.00161859
2008  0.0440956 0.141734 0.398344 0.244563 0.0769218 0.0534006 0.025812 0.00769647 0.00293685 0.00200075 0.00249517
2009  0.0214133 0.196098 0.345227 0.292287 0.085307 0.0409235 0.0118684 0.00384863 0.00162034 0.000999165 0.000407067
2010  0.0272176 0.16555 0.285285 0.285738 0.136586 0.0549216 0.0215934 0.00887919 0.00622882 0.00358291 0.00441729
2011  0.0156107 0.100561 0.266311 0.302804 0.186016 0.0807027 0.0248944 0.0120095 0.00423947 0.00230087 0.00455082
2012  0.0481513 0.340814 0.371543 0.199523 0.0249643 0.00353647 0.00262427 0.00277256 0.00173229 0.00144919 0.00288939
2013  0.0107811 0.20984 0.440693 0.214682 0.0699691 0.0310082 0.0107142 0.00389584 0.00245193 0.0035813 0.00238258
2014  0.0295991 0.251663 0.44445 0.189119 0.0615491 0.0138052 0.00359714 0.00268681 0.00146714 0.00129037 0.000773341
2015  0.0178976 0.257789 0.467532 0.180764 0.0543623 0.0110275 0.00419696 0.00328534 0.00130797 0.00153698 0.000299468
2016  0.0238657 0.214454 0.434918 0.231305 0.0631138 0.015654 0.00677351 0.0053655 0.00182035 0.00273052 0
2017  0.0155602 0.192057 0.391327 0.270382 0.0780929 0.027352 0.0107906 0.00702224 0.00372666 0.000825056 0.00286452
2018  0.0449622 0.259408 0.405122 0.204489 0.0612777 0.0105061 0.00434494 0.00401511 0.00358853 0.000848758 0.00143805
2019  0.0798206 0.332938 0.316125 0.179292 0.0605042 0.0168977 0.00522789 0.00516672 0.00235279 0.0012705 0.000404679
2020  0.0202536 0.190415 0.40411 0.290085 0.0647634 0.0158408 0.00456837 0.00239734 0.00286407 0.00251756 0.00218518
ObsFishery 3 : 
ObsFishery 4 : 
Pobs_length_fishery_1

Pobs_length_fishery_2

Pobs_length_fishery_3

Pobs_length_fishery_4


Predicted prop  
PredFishery 1 : 
1992  0.0385176 0.0854549 0.15393 0.152722 0.151454 0.119738 0.0981139 0.063287 0.0378091 0.0215184 0.0774555
1993  0.0494021 0.120351 0.186053 0.185542 0.115066 0.101915 0.0799583 0.0563844 0.0317199 0.0203467 0.053262
1994  0.0438504 0.131139 0.291992 0.227512 0.112336 0.0561949 0.0459318 0.0308237 0.0200913 0.0120849 0.028044
1995  0.0350441 0.124031 0.295967 0.269317 0.122612 0.062077 0.0302027 0.0216216 0.0132955 0.00861847 0.0172138
1996  0.0341939 0.0996179 0.232878 0.277268 0.184758 0.0856197 0.0386408 0.0163547 0.0109118 0.00671319 0.0130433
1997  0.0235909 0.110011 0.200531 0.259242 0.213529 0.109362 0.0418236 0.0183266 0.00791106 0.00557636 0.0100963
1998  0.022955 0.0636021 0.192104 0.224582 0.232483 0.156047 0.0632141 0.0221967 0.00968535 0.00440482 0.00872644
1999  0.018579 0.0606122 0.117748 0.220871 0.213355 0.199203 0.105131 0.0372674 0.0126181 0.00620407 0.00841138
2000  0.0199885 0.0573508 0.124978 0.14138 0.212229 0.198841 0.147556 0.0586789 0.0203143 0.00865648 0.0100267
2001  0.0201295 0.0661744 0.127143 0.16863 0.155274 0.19152 0.138019 0.0757279 0.0311332 0.0136733 0.0125755
2002  0.0205487 0.0598955 0.133217 0.166037 0.203184 0.1465 0.12887 0.068726 0.0383931 0.0187886 0.0158409
2003  0.0446092 0.0707932 0.145033 0.192229 0.179001 0.159287 0.0807856 0.0611198 0.0319876 0.0184831 0.0166712
2004  0.0992011 0.174598 0.197256 0.188518 0.144228 0.0846617 0.0466885 0.023673 0.0202745 0.0099577 0.0109435
2005  0.104222 0.266042 0.31633 0.126419 0.0865922 0.0515686 0.0220145 0.0119477 0.00591661 0.00440566 0.00454184
2006  0.110826 0.320004 0.362873 0.115929 0.0387391 0.0254469 0.0139724 0.00590655 0.00302772 0.0013033 0.00197094
2007  0.0861686 0.427104 0.32409 0.10385 0.0322495 0.0122636 0.00755182 0.00382578 0.0014772 0.000681879 0.000737398
2008  0.0973285 0.286692 0.400405 0.149369 0.0425395 0.0139847 0.00493261 0.00269424 0.00121558 0.000427886 0.000411108
2009  0.0646421 0.28151 0.350769 0.214971 0.0612667 0.0180778 0.00550604 0.00175866 0.000878623 0.000367227 0.00025346
2010  0.0640341 0.183811 0.378533 0.238252 0.0979981 0.0266038 0.00746802 0.00215069 0.000640239 0.000298313 0.000210738
2011  0.0994353 0.1905 0.284814 0.270752 0.100124 0.0389954 0.0109489 0.00312441 0.000865972 0.000244996 0.000194795
2012  0.131246 0.273519 0.274761 0.179993 0.0897156 0.0314101 0.0136557 0.00409052 0.00114934 0.000304386 0.000154585
2013  0.108134 0.26789 0.348333 0.15619 0.0659804 0.0339386 0.0122217 0.00524964 0.00150375 0.000398996 0.000159332
2014  0.109329 0.253008 0.328954 0.18965 0.0673541 0.0283734 0.0148138 0.00542307 0.00225953 0.000608461 0.000225916
2015  0.0998205 0.242906 0.316455 0.191535 0.0911222 0.0319481 0.0143203 0.00770204 0.00272579 0.0010702 0.000395193
2016  0.12546 0.222385 0.299922 0.179877 0.0932873 0.0469019 0.0177382 0.00811161 0.00418946 0.00138332 0.000743677
2017  0.0890553 0.227485 0.278693 0.209781 0.096802 0.0519591 0.0277786 0.0105716 0.00456597 0.00219492 0.00111437
2018  0.108562 0.188208 0.292251 0.189172 0.110769 0.05322 0.0305139 0.0167872 0.0061829 0.002513 0.00182135
2019  0.0637152 0.172741 0.222088 0.254519 0.137731 0.0763826 0.0360515 0.0200519 0.0105399 0.00363383 0.00254739
2020  0.0422078 0.118834 0.260359 0.234643 0.180638 0.0790633 0.0423972 0.0206167 0.0117475 0.005984 0.00350938
2021  0.0528408 0.0823862 0.189231 0.292071 0.176351 0.10959 0.0463511 0.0256305 0.0127862 0.00705804 0.00570375
PredFishery 2 : 
1998  0.00722939 0.024495 0.127407 0.255654 0.255084 0.158868 0.082152 0.0400292 0.0208347 0.00947544 0.0187719
1999  0.00515815 0.0240295 0.0771971 0.2128 0.214125 0.206843 0.139299 0.0662956 0.0251371 0.0123594 0.0167567
2000  0.00438857 0.0178032 0.0769988 0.14642 0.232986 0.21203 0.160049 0.081881 0.0351319 0.0149707 0.0173404
2001  0.00397721 0.0183933 0.0619229 0.143971 0.162837 0.217814 0.179779 0.115369 0.0520508 0.0228601 0.0210246
2002  0.00374703 0.0150305 0.0489477 0.105925 0.189025 0.187829 0.208283 0.12072 0.0633509 0.0310023 0.0261384
2003  0.00756152 0.0162001 0.0499933 0.110529 0.170445 0.247544 0.153615 0.122991 0.0577041 0.0333426 0.0300741
2004  0.0170908 0.0367529 0.0679228 0.161803 0.224052 0.201299 0.125655 0.0639525 0.0499634 0.0245392 0.0269685
2005  0.0306231 0.0726334 0.133937 0.151358 0.231311 0.198688 0.0863744 0.0452603 0.0198283 0.0147647 0.015221
2006  0.0487461 0.125855 0.256417 0.224395 0.129057 0.105574 0.0586757 0.0255731 0.0123511 0.00531659 0.00804011
2007  0.0424303 0.224593 0.324828 0.211899 0.0955829 0.0458622 0.0287331 0.0148657 0.00571484 0.00263798 0.00285277
2008  0.0441964 0.16535 0.390695 0.242919 0.09231 0.0371004 0.0138931 0.00765266 0.00348065 0.00122519 0.00117715
2009  0.0322795 0.178445 0.33413 0.297253 0.103549 0.0354807 0.0116392 0.00385803 0.00197264 0.000824481 0.000569055
2010  0.0348461 0.135464 0.340515 0.284039 0.142789 0.043518 0.0128735 0.00384256 0.00117752 0.000548652 0.000387585
2011  0.0470343 0.135802 0.27781 0.325834 0.138126 0.0540831 0.014987 0.00440778 0.00127106 0.0003596 0.000285916
2012  0.048838 0.238946 0.329079 0.222139 0.103666 0.0352974 0.01531 0.00476101 0.00140341 0.000371671 0.000188756
2013  0.0438748 0.204452 0.412966 0.205898 0.0778223 0.0354714 0.0120763 0.00527815 0.00157553 0.000418041 0.000166938
2014  0.047064 0.204482 0.399931 0.231692 0.0707724 0.0259788 0.0126658 0.00465635 0.00201406 0.000542361 0.000201373
2015  0.0431448 0.213488 0.385448 0.222665 0.0889255 0.0264823 0.0108315 0.00578169 0.00210295 0.000825661 0.000304893
2016  0.053679 0.190852 0.392319 0.219282 0.0871074 0.0352754 0.0118835 0.00533876 0.00282758 0.000933643 0.000501929
2017  0.0508421 0.217172 0.349942 0.23993 0.0814143 0.033839 0.0160444 0.0060741 0.00274972 0.00132183 0.000671095
2018  0.0673173 0.216 0.390978 0.195151 0.0759043 0.0272673 0.0140477 0.00797359 0.00315121 0.00128079 0.00092828
2019  0.0547578 0.275609 0.323501 0.226857 0.065364 0.0267763 0.0121633 0.0076805 0.00459617 0.00158462 0.00111085
2020  0.0378182 0.197671 0.395392 0.218044 0.0893762 0.0288959 0.0149132 0.00823295 0.00534083 0.00272055 0.00159549
PredFishery 3 : 
PredFishery 4 : 
Pred_length_fishery_1

Pred_length_fishery_2

Pred_length_fishery_3

Pred_length_fishery_4


Observed prop Survey
ObsSurvey 1 : 
1993  0.266955 0.142411 0.0978958 0.0796713 0.0775442 0.0869057 0.0777365 0.0511494 0.0436481 0.0380415 0.0380415
1995  0.121176 0.361052 0.222115 0.113441 0.051574 0.0374146 0.0190798 0.01252 0.0103408 0.0256436 0.0256436
1997  0.179149 0.178265 0.232316 0.179016 0.111484 0.0501151 0.0175337 0.0178665 0.00283324 0.0157106 0.0157106
1999  0.0722051 0.134947 0.111336 0.0843534 0.102377 0.0900646 0.1208 0.0543338 0.043942 0.0928204 0.0928204
2000  0.272203 0.14194 0.106595 0.0948692 0.0930866 0.079588 0.0594605 0.0407673 0.0260923 0.0426991 0.0426991
2001  0.258995 0.329589 0.149736 0.0638983 0.0532614 0.0325039 0.0269652 0.0199507 0.0054628 0.0298191 0.0298191
2004  0.527436 0.172852 0.128034 0.0493255 0.0323036 0.0321818 0.0206154 0.00843343 0.00316505 0.0128267 0.0128267
2005  0.840197 0.093088 0.0243235 0.016521 0.0129309 0.00532805 0.00164667 0.00197854 0 0.0019931 0.0019931
2006  0.720923 0.209671 0.0446109 0.0121001 0.00488771 0.00231717 0.00173771 0.000497073 0.00031829 0.00146877 0.00146877
2007  0.691801 0.262543 0.0235093 0.0094639 0.00426652 0.00230324 0.00183333 0.00133233 0.000321508 0.00131301 0.00131301
2008  0.74086 0.179256 0.0405355 0.0110061 0.00990886 0.00680517 0.00123209 0.00238403 0.000738235 0.00363698 0.00363698
2009  0.302702 0.465742 0.179269 0.0271865 0.00529072 0.00579122 0.00203733 0.00271081 0.00379505 0.00376195 0.00171431
2010  0.359606 0.422875 0.15609 0.0355027 0.0198915 0.00248583 0.000205281 0.00105428 0.000260639 0.000655144 0.00137323
2011  0.393939 0.32396 0.202027 0.0370761 0.022221 0.00943027 0.00199755 0.00293328 0.00327611 0.00228306 0.000856539
2012  0.417115 0.359676 0.148771 0.0298838 0.0193198 0.00903458 0.00348566 0.00360637 0.0051532 0.0030837 0.000871103
2013  0.264407 0.251977 0.341243 0.0847458 0.0282486 0.0124294 0.00338983 0.00451977 0.00564972 0.00112994 0.00225989
2014  0.256912 0.321429 0.313364 0.0714286 0.0207373 0.00921659 0.00115207 0.00230415 0.00230415 0 0.00115207
2015  0.252762 0.491713 0.203039 0.0303867 0.0138122 0.00276243 0.00276243 0.00138122 0.00138122 0 0
2016  0.384682 0.366406 0.163621 0.0478677 0.0104439 0.00870322 0.0121845 0.000870322 0.00261097 0 0.00261097
2017  0.204242 0.542316 0.125316 0.0558534 0.0381422 0.0127178 0.00351104 0.0066654 0.00248559 0.00182797 0.00692177
Pobs_length_survey 1

Predicted prop Survey
PredSurvey 1 : 
1993  0.400731 0.246966 0.111268 0.049628 0.026485 0.0261057 0.0248145 0.0246756 0.0219471 0.0186248 0.0487547
1995  0.342807 0.300661 0.167795 0.0678153 0.0306705 0.0192847 0.0128715 0.013657 0.012446 0.0106736 0.0213185
1997  0.228212 0.288193 0.197332 0.118419 0.0647953 0.0345842 0.0198501 0.0142093 0.00950172 0.00886079 0.016043
1999  0.200746 0.228662 0.152937 0.13171 0.0912648 0.0724998 0.0476711 0.0291914 0.0178949 0.0116404 0.0157818
2000  0.19602 0.189745 0.173932 0.0986494 0.0997657 0.076309 0.0630802 0.0426899 0.0269801 0.0152103 0.017618
2001  0.180511 0.192635 0.148267 0.1156 0.0766537 0.0852962 0.0658357 0.0543678 0.0382111 0.0222021 0.0204195
2004  0.440041 0.256471 0.105437 0.0648116 0.0425754 0.0248692 0.0185799 0.0128789 0.014525 0.00943796 0.0103723
2005  0.500042 0.292209 0.107839 0.0337968 0.0228906 0.0154231 0.00882985 0.00643953 0.00417577 0.00411367 0.00424082
2006  0.54888 0.285527 0.10328 0.028946 0.0111123 0.00816781 0.00563137 0.00315521 0.00218053 0.00124178 0.00187791
2007  0.452911 0.361637 0.126488 0.033313 0.0114387 0.00497547 0.00376383 0.00249186 0.0013126 0.000801593 0.000866859
2008  0.447484 0.315248 0.167759 0.0438832 0.0138999 0.00538896 0.0024286 0.00178148 0.00111128 0.000517511 0.000497218
2009  0.362759 0.362797 0.17462 0.0664532 0.0200399 0.00728925 0.00297631 0.00130612 0.00090956 0.000502941 0.000347129
2010  0.391515 0.29301 0.200883 0.0679737 0.0290833 0.0103021 0.00411258 0.00167501 0.000703939 0.000433929 0.000306541
2011  0.475302 0.275669 0.140166 0.0644024 0.0238022 0.012302 0.00498134 0.00203443 0.000801472 0.000299983 0.000238515
2012  0.436006 0.336653 0.133345 0.0483994 0.0246198 0.0106046 0.00622285 0.00258671 0.00102237 0.000358208 0.000181919
2013  0.429251 0.314359 0.163143 0.0481834 0.020473 0.0126476 0.0061266 0.00364135 0.0014584 0.000511945 0.000204436
2014  0.44632 0.290741 0.152515 0.06167 0.0219674 0.0114006 0.0079871 0.00397031 0.00230312 0.000820512 0.000304648
2015  0.420435 0.307185 0.144698 0.0624118 0.0320399 0.0140167 0.00827113 0.00596427 0.00290949 0.00151127 0.000558069
2016  0.463912 0.265789 0.144068 0.0546314 0.0300713 0.0191967 0.00958676 0.0058314 0.0041355 0.00180654 0.0009712
