P1
 0 0 0 0 0 0 0 0 0 0 0 0 0 0 0 0 0 0 0 0 0 0 0 0 0 0 0
 0 0 0 0 0 0 0 0 0 0 0 0 0 0 0 0 0 0 0 0 0 0 0 0 0 0 0
 0
 0
P2
 0 0 0 0 0 0 0 0 0 0 0 0 0 0 0 0 0 0 0 0 0 0 0 0 0 0 0
 0 0 0 0 0 0 0 0 0 0 0 0 0 0 0 0 0 0 0 0 0 0 0 0 0 0 0
 0
 0
P3
 0 0 0 0 0 0 0 0 0 0 0 0 0 0 0 0 0 0 0 0 0 0 0 0 0 0 0
 0 0 0 0 0 0 0 0 0 0 0 0 0 0 0 0 0 0 0 0 0 0 0 0 0 0 0
 0
 0
Model_1 

Estimated annual F's 
 0.153637 0.206205 0.212276 0.212447 0.192446 0.174379 0.171653 0.189521 0.231931 0.278284 0.439046 0.764398 0.924406 0.716441 0.673534 0.593194 0.580337 0.614553 0.548375 0.612704 0.535426 0.475893 0.23803 0.226466 0.188499 0.177398 0.165952 0.156135 0.164112 0.12002
Total mortality (Z)
 0.334394 0.347993 0.385451 0.4353 0.468957 0.500467 0.539461 0.567258 0.580241 0.580241 0.580241
 0.335786 0.353575 0.402562 0.468253 0.513814 0.557062 0.610253 0.649323 0.669211 0.669211 0.669211
 0.335674 0.354379 0.42536 0.49925 0.520256 0.555927 0.603008 0.646588 0.674864 0.674864 0.674864
 0.335588 0.353272 0.416238 0.497077 0.533749 0.568463 0.609018 0.644228 0.669761 0.669761 0.669761
 0.335317 0.350032 0.391876 0.464716 0.538524 0.581584 0.595602 0.612881 0.625456 0.625456 0.625456
 0.335628 0.352944 0.390885 0.449816 0.519758 0.565826 0.577251 0.582928 0.591045 0.591045 0.591045
 0.335782 0.351854 0.395872 0.456049 0.515729 0.572786 0.58545 0.582117 0.574179 0.574179 0.574179
 0.336502 0.351548 0.393074 0.454638 0.510864 0.594009 0.651616 0.638554 0.594641 0.594641 0.594641
 0.338788 0.359833 0.403125 0.467718 0.543752 0.647532 0.727327 0.705862 0.662436 0.662436 0.662436
 0.341584 0.370592 0.430193 0.488385 0.569876 0.665158 0.783164 0.796804 0.748454 0.748454 0.748454
 0.349233 0.388638 0.478828 0.592781 0.737035 0.891736 0.982042 1.03253 1.00223 1.00223 1.00223
 0.36649 0.436727 0.583142 0.783317 1.05675 1.42266 1.49357 1.46594 1.47659 1.47659 1.47659
 0.391139 0.531766 0.829551 1.00739 1.20817 1.49355 1.56571 1.63371 1.7125 1.7125 1.7125
 0.371727 0.52713 0.891062 0.954363 1.05587 1.1815 1.21919 1.2778 1.34407 1.34407 1.34407
 0.366599 0.548457 0.940795 0.96366 0.965708 1.06562 1.14357 1.22263 1.27395 1.27395 1.27395
 0.361105 0.539996 0.771777 0.846618 0.877372 0.974647 1.0609 1.14328 1.19314 1.19314 1.19314
 0.362415 0.483476 0.732474 0.876041 0.901442 0.984267 1.06101 1.12058 1.164 1.164 1.164
 0.359105 0.47817 0.725915 0.933695 0.98232 1.03998 1.099 1.15801 1.20463 1.20463 1.20463
 0.359272 0.462456 0.705709 0.94343 0.988844 0.991173 0.99806 1.02903 1.06138 1.06138 1.06138
 0.362777 0.466274 0.736042 1.05783 1.13068 1.08727 1.0642 1.08941 1.12509 1.12509 1.12509
 0.372974 0.494662 0.755258 0.950036 0.939053 0.936794 0.95785 0.998896 1.03805 1.03805 1.03805
 0.365956 0.492203 0.766991 0.893858 0.878163 0.865183 0.873113 0.905627 0.941242 0.941242 0.941242
 0.347116 0.418977 0.581812 0.623808 0.606297 0.587399 0.58883 0.608614 0.628494 0.628494 0.628494
 0.346417 0.418806 0.604359 0.634424 0.590229 0.56378 0.565287 0.584673 0.604384 0.604384 0.604384
 0.345888 0.404691 0.546125 0.596383 0.552006 0.523509 0.523776 0.540581 0.556845 0.556845 0.556845
 0.344192 0.396481 0.535655 0.598212 0.550403 0.51578 0.508766 0.521712 0.536724 0.536724 0.536724
 0.346191 0.404492 0.522555 0.57004 0.532691 0.501873 0.49568 0.507698 0.52475 0.52475 0.52475
 0.346145 0.399832 0.491077 0.545409 0.525262 0.503299 0.494024 0.50032 0.514038 0.514038 0.514038
 0.346924 0.402979 0.498404 0.555762 0.535376 0.512585 0.50285 0.50936 0.523666 0.523666 0.523666
 0.342563 0.385092 0.456847 0.497771 0.479635 0.461768 0.454594 0.459792 0.470719 0.470719 0.470719
Estimated numbers of fish 
       Year: 1992  802926 412144 241385 134491 113548 82297.1 59985.2 38178.2 24940.9 14107.8 54610.4
       Year: 1993  1.01984e+06 574712 291017 164177 87025.4 71041.5 49892.4 34975.1 21650 13961 38465.9
       Year: 1994  1.13294e+06 728956 403547 194575 102790 52059.4 40698.9 27102.2 18271 11087.3 26848.5
       Year: 1995  1.0093e+06 809886 511442 263732 118104 61095.4 29858.2 22268.9 14197 9304.04 19317.9
       Year: 1996  931274 721569 568853 337308 160430 69256.7 34604.2 16239.4 11692.7 7266.45 14649.6
       Year: 1997  576223 665964 508464 384424 211935 93628.2 38715.3 19074.9 8798.32 6255.8 11725.4
       Year: 1998  542460 411935 467917 343955 245165 126030 53170.6 21736.3 10648.8 4872.05 9957.09
       Year: 1999  372497 387739 289748 314952 217993 146379 71075.1 29608.3 12144.4 5997.03 8351.28
       Year: 2000  299804 266062 272812 195574 199893 130791 80817.4 37044.6 15634.8 6700.79 7916.83
       Year: 2001  217382 213650 185656 182301 122513 116051 68447.4 39050.9 18288.3 8061.22 7536.76
       Year: 2002  154530 154481 147488 120748 111863 69293 59672.6 31277.6 17602.9 8652.13 7379.36
       Year: 2003  190558 108979 104735 91370.3 66747.8 53529.8 28406.2 22350.1 11138.1 6461.33 5884.53
       Year: 2004  230654 132088 70416.4 58457.1 41746 23200.4 12904.6 6379.19 5159.74 2544.09 2819.97
       Year: 2005  269336 155988 77610.4 30718.8 21346.8 12471.4 5210.23 2696.28 1245.25 930.894 967.757
       Year: 2006  354671 185719 92079.2 31837.4 11828.5 7426.35 3826.43 1539.46 751.319 324.74 495.136
       Year: 2007  306302 245818 107316 35940.1 12145.8 4503.27 2558.49 1219.41 453.302 210.163 229.34
       Year: 2008  311829 213463 143251 49600.4 15413.4 5051.11 1699.2 885.605 388.711 137.471 133.286
       Year: 2009  223554 217031 131629 68863.3 20655 6257.58 1887.67 588.105 288.788 121.369 84.5397
       Year: 2010  216881 156108 134541 63692.9 27070.1 7734.08 2211.82 628.981 184.73 86.5794 61.7319
       Year: 2011  271435 151423 98306.4 66430.8 24795 10070.2 2870.43 815.262 224.769 63.9121 51.3122
       Year: 2012  251560 188848 94993.1 47089.4 23065.3 8004.19 3395.04 990.31 274.265 72.9655 37.4047
       Year: 2013  242645 173245 115155 44636.3 18210.7 9018.47 3136.7 1302.73 364.717 97.1293 39.0869
       Year: 2014  273567 168283 105901 53479.2 18259.6 7567.39 3796.55 1310.04 526.68 142.292 53.1438
       Year: 2015  280171 193336 110683 59186.5 28659.5 9958.16 4205.73 2106.99 712.798 280.928 104.244
       Year: 2016  369561 198142 127183 60479.8 31383.1 15883.1 5666.73 2389.69 1174.2 389.481 210.463
       Year: 2017  349868 261499 132197 73663 33312.3 18070.2 9409.74 3356.29 1391.78 672.834 343.776
       Year: 2018  430268 247984 175906 77372.9 40499.5 19211.8 10788.5 5657.48 1991.97 813.717 594.371
       Year: 2019  310839 304362 165483 104313 43754.6 23774.1 11630.7 6571.91 3405.12 1178.65 833.17
       Year: 2020  216108 219890 204054 101270 60460.2 25876.5 14372.2 7096.67 3984.79 2036.52 1203.22
       Year: 2021  272592 152758 146958 123963 58092.2 35396.3 15498.6 8692.4 4264.25 2360.37 1919.05

Estimated F mortality 
Fishery 1 : 
        Year: 1992  0.00325362 0.014189 0.0444189 0.0809494 0.0966571 0.106948 0.122146 0.124423 0.113325 0.113325 0.113325 
        Year: 1993  0.00338985 0.0147831 0.0462788 0.0843388 0.100704 0.111426 0.12726 0.129633 0.11807 0.11807 0.11807 
        Year: 1994  0.00320384 0.0150322 0.0624816 0.104627 0.0987178 0.0989771 0.105479 0.107971 0.105734 0.105734 0.105734 
        Year: 1995  0.0031736 0.0141119 0.0549205 0.100547 0.104112 0.103435 0.104561 0.101839 0.0995351 0.0995351 0.0995351 
        Year: 1996  0.00356079 0.0134764 0.0407313 0.0845962 0.122523 0.134275 0.121888 0.110666 0.10341 0.10341 0.10341 
        Year: 1997  0.00414817 0.0168694 0.0409844 0.0720027 0.111094 0.131392 0.122314 0.108982 0.102522 0.102522 0.102522 
        Year: 1998  0.00403205 0.0148135 0.0402026 0.0657412 0.0980924 0.131418 0.126845 0.10903 0.096907 0.096907 0.096907 
        Year: 1999  0.00496109 0.0156521 0.041473 0.0736571 0.105489 0.152253 0.169829 0.143755 0.116832 0.116832 0.116832 
        Year: 2000  0.00690154 0.0225201 0.0488336 0.0794001 0.120792 0.181263 0.225489 0.194075 0.156512 0.156512 0.156512 
        Year: 2001  0.0101912 0.0345266 0.0784591 0.108884 0.154866 0.210571 0.271145 0.262697 0.226528 0.226528 0.226528 
        Year: 2002  0.0147182 0.043668 0.105998 0.169971 0.239547 0.29826 0.316869 0.329898 0.324428 0.324428 0.324428 
        Year: 2003  0.0284157 0.0813546 0.185319 0.307673 0.440748 0.566524 0.556876 0.531034 0.561926 0.561926 0.561926 
        Year: 2004  0.0415946 0.136302 0.329375 0.408989 0.476004 0.562645 0.574236 0.605553 0.662325 0.662325 0.662325 
        Year: 2005  0.0359512 0.17018 0.477459 0.495055 0.509357 0.547236 0.568891 0.612685 0.677004 0.677004 0.677004 
        Year: 2006  0.0319589 0.191593 0.520388 0.485501 0.437114 0.477269 0.526287 0.572707 0.616509 0.616509 0.616509 
        Year: 2007  0.0247215 0.165822 0.319531 0.315838 0.294184 0.314606 0.354231 0.390834 0.41595 0.41595 0.41595 
        Year: 2008  0.023108 0.105154 0.244784 0.280705 0.260148 0.27044 0.293212 0.316032 0.332247 0.332247 0.332247 
        Year: 2009  0.0195477 0.0926485 0.212797 0.272772 0.264639 0.264179 0.273724 0.288326 0.300412 0.300412 0.300412 
        Year: 2010  0.0194411 0.0813178 0.216828 0.319575 0.315469 0.300242 0.295957 0.304474 0.314159 0.314159 0.314159 
        Year: 2011  0.0206255 0.0743075 0.19319 0.311811 0.318533 0.300423 0.293532 0.298702 0.305912 0.305912 0.305912 
        Year: 2012  0.0272811 0.0801364 0.179836 0.258419 0.262065 0.264575 0.274145 0.287084 0.297055 0.297055 0.297055 
        Year: 2013  0.021599 0.0794825 0.17585 0.214855 0.221178 0.229007 0.238573 0.25095 0.261497 0.261497 0.261497 
        Year: 2014  0.00864741 0.0336521 0.0749181 0.0871552 0.0899882 0.0908738 0.094966 0.102028 0.107088 0.107088 0.107088 
        Year: 2015  0.00800916 0.0292255 0.0724023 0.0830402 0.0800061 0.0798647 0.0850418 0.0925013 0.0980495 0.0980495 0.0980495 
        Year: 2016  0.00872291 0.0296268 0.0664498 0.0857215 0.0839831 0.0824125 0.0874977 0.0959324 0.102094 0.102094 0.102094 
        Year: 2017  0.00635766 0.0222668 0.0575011 0.0799084 0.0797999 0.0777595 0.07964 0.0856462 0.0901778 0.0901778 0.0901778 
        Year: 2018  0.00628266 0.0194192 0.0448916 0.0674587 0.0742024 0.0741228 0.0754879 0.0797102 0.0842373 0.0842373 0.0842373 
        Year: 2019  0.00600617 0.017044 0.0420407 0.0783612 0.1001 0.101173 0.0972016 0.0959864 0.0981012 0.0981012 0.0981012 
        Year: 2020  0.00638432 0.0181171 0.0446877 0.0832949 0.106403 0.107543 0.103322 0.10203 0.104278 0.104278 0.104278 
        Year: 2021  0.00437709 0.0124211 0.0306379 0.0571069 0.0729498 0.0737312 0.0708373 0.0699516 0.0714928 0.0714928 0.0714928 
Fishery 2 : 
        Year: 1992  0.000230355 0.000710026 0.00200201 0.00471866 0.00896734 0.0141347 0.0198658 0.0262577 0.0325212 0.0325212 0.0325212 
        Year: 1993  0.000424029 0.00130699 0.00368522 0.00868592 0.0165067 0.0260186 0.0365681 0.0483342 0.0598637 0.0598637 0.0598637 
        Year: 1994  0.000501078 0.00159146 0.0045924 0.0109305 0.0206658 0.0326334 0.0456971 0.0593532 0.0699228 0.0699228 0.0699228 
        Year: 1995  0.000588428 0.00199522 0.00605764 0.0147155 0.0273602 0.0413913 0.0568076 0.0720751 0.083314 0.083314 0.083314 
        Year: 1996  0.000782194 0.0029005 0.0096308 0.024035 0.0435279 0.0626922 0.0811065 0.100766 0.11439 0.11439 0.11439 
        Year: 1997  0.000407098 0.00167985 0.00630689 0.0166432 0.0277966 0.0378094 0.0471955 0.0561747 0.0628484 0.0628484 0.0628484 
        Year: 1998  0.000193338 0.000869068 0.00406425 0.0114118 0.0164171 0.0204239 0.0252017 0.0301229 0.0319976 0.0319976 0.0319976 
        Year: 1999  0.000428221 0.00193103 0.00846879 0.0221147 0.0329961 0.0492872 0.0701882 0.079775 0.0726137 0.0726137 0.0726137 
        Year: 2000  0.000447404 0.00206628 0.00889989 0.0243335 0.0392406 0.0571931 0.0723644 0.0800409 0.0799141 0.0799141 0.0799141 
        Year: 2001  0.00059826 0.00285428 0.0113728 0.0276706 0.0483332 0.0712495 0.105018 0.118809 0.112238 0.112238 0.112238 
        Year: 2002  0.00063435 0.00259277 0.00922129 0.0256692 0.052721 0.0904168 0.120978 0.136631 0.125952 0.125952 0.125952 
        Year: 2003  0.00106279 0.00411121 0.0141145 0.0390851 0.0926373 0.194158 0.233256 0.234924 0.222334 0.222334 0.222334 
        Year: 2004  0.00151862 0.00608362 0.0240604 0.0744648 0.156785 0.283368 0.326844 0.345142 0.343577 0.343577 0.343577 
        Year: 2005  0.0007297 0.00321074 0.0139742 0.04098 0.094037 0.145564 0.153807 0.159527 0.155622 0.155622 0.155622 
        Year: 2006  0.000950032 0.00509459 0.0248665 0.0635525 0.0984496 0.133745 0.148997 0.166754 0.168791 0.168791 0.168791 
        Year: 2007  0.00153607 0.0110053 0.0404257 0.0813452 0.110024 0.148349 0.169653 0.190733 0.201747 0.201747 0.201747 
        Year: 2008  0.00329607 0.0190508 0.0750226 0.143379 0.177254 0.225131 0.258778 0.280735 0.297081 0.297081 0.297081 
        Year: 2009  0.0035988 0.0216513 0.0747194 0.139017 0.16482 0.19096 0.212857 0.2323 0.247392 0.247392 0.247392 
        Year: 2010  0.00485326 0.0274913 0.0894746 0.174727 0.210746 0.225078 0.233585 0.248739 0.263917 0.263917 0.263917 
        Year: 2011  0.0068158 0.0370056 0.131635 0.262075 0.306852 0.290853 0.28028 0.293624 0.312584 0.312584 0.312584 
        Year: 2012  0.00610935 0.042135 0.129641 0.191926 0.182214 0.178865 0.184773 0.200677 0.217672 0.217672 0.217672 
        Year: 2013  0.00518279 0.0358787 0.123311 0.167497 0.15427 0.141521 0.139321 0.148988 0.161673 0.161673 0.161673 
        Year: 2014  0.00269789 0.0197141 0.0660215 0.0771619 0.068522 0.0602912 0.0588209 0.0634158 0.0690583 0.0690583 0.0690583 
        Year: 2015  0.00234401 0.0173936 0.0597169 0.0653566 0.0528524 0.0448092 0.0435392 0.0469751 0.0511495 0.0511495 0.0511495 
        Year: 2016  0.00204816 0.013951 0.0476883 0.0573275 0.0430146 0.0339959 0.0321553 0.0346222 0.0377703 0.0377703 0.0377703 
        Year: 2017  0.00210852 0.012346 0.0419292 0.0530686 0.0389663 0.0293979 0.026706 0.0285615 0.0315124 0.0315124 0.0315124 
        Year: 2018  0.00245413 0.0140369 0.03782 0.0438186 0.03201 0.0239003 0.0218708 0.0238202 0.0270097 0.0270097 0.0270097 
        Year: 2019  0.00275102 0.0144911 0.0326345 0.0372193 0.0253054 0.0188817 0.0174524 0.0195571 0.0227618 0.0227618 0.0227618 
        Year: 2020  0.0028346 0.0149314 0.033626 0.0383501 0.0260742 0.0194554 0.0179827 0.0201513 0.0234533 0.0234533 0.0234533 
        Year: 2021  0.00218596 0.0115146 0.0259314 0.0295744 0.0201077 0.0150034 0.0138677 0.0155401 0.0180865 0.0180865 0.0180865 
Fishery 3 : 
        Year: 1992  0.000226192 0.000986422 0.00308802 0.00562763 0.00671963 0.00743504 0.00849163 0.00864991 0.00787835 0.00787835 0.00787835 
        Year: 1993  0.00110094 0.00480118 0.0150302 0.0273911 0.0327062 0.0361883 0.041331 0.0421014 0.038346 0.038346 0.038346 
        Year: 1994  0.000990693 0.00464827 0.0193206 0.0323528 0.0305255 0.0306057 0.0326164 0.0333868 0.0326952 0.0326952 0.0326952 
        Year: 1995  0.000921828 0.00409904 0.0159526 0.0292056 0.0302413 0.0300444 0.0303717 0.0295809 0.0289117 0.0289117 0.0289117 
        Year: 1996  0.000553234 0.00209381 0.00632835 0.0131436 0.0190363 0.020862 0.0189376 0.0171941 0.0160666 0.0160666 0.0160666 
        Year: 1997  0.000539588 0.00219435 0.0053312 0.00936603 0.0144509 0.0170912 0.0159105 0.0141762 0.013336 0.013336 0.013336 
        Year: 1998  0.00100651 0.00369787 0.0100357 0.0164109 0.0244867 0.0328057 0.0316641 0.027217 0.0241907 0.0241907 0.0241907 
        Year: 1999  0.000777235 0.00245216 0.00649743 0.0115396 0.0165266 0.0238529 0.0266065 0.0225216 0.0183036 0.0183036 0.0183036 
        Year: 2000  0.00103272 0.00336981 0.00730727 0.0118811 0.0180748 0.0271235 0.0337412 0.0290406 0.0234198 0.0234198 0.0234198 
        Year: 2001  0.000419725 0.00142198 0.00323135 0.00448441 0.00637816 0.00867238 0.0111672 0.0108192 0.00932956 0.00932956 0.00932956 
        Year: 2002  0.00310771 0.00922037 0.0223813 0.0358889 0.0505797 0.0629768 0.0669061 0.0696571 0.068502 0.068502 0.068502 
        Year: 2003  0.00583066 0.0166933 0.0380259 0.0631319 0.0904378 0.116246 0.114266 0.108964 0.115302 0.115302 0.115302 
        Year: 2004  0.0176 0.0576739 0.139369 0.173056 0.201413 0.238073 0.242978 0.256229 0.280251 0.280251 0.280251 
        Year: 2005  0.00460195 0.0217839 0.0611173 0.0633697 0.0652004 0.0700491 0.072821 0.078427 0.0866601 0.0866601 0.0866601 
        Year: 2006  0.00313729 0.018808 0.0510846 0.0476598 0.0429099 0.0468517 0.0516637 0.0562206 0.0605204 0.0605204 0.0605204 
        Year: 2007  0.00341628 0.0229151 0.0441562 0.0436459 0.0406536 0.0434757 0.0489515 0.0540096 0.0574804 0.0574804 0.0574804 
        Year: 2008  0.0044499 0.0202494 0.047138 0.0540553 0.0500965 0.0520785 0.0564638 0.0608582 0.0639807 0.0639807 0.0639807 
        Year: 2009  0.00155148 0.00735342 0.0168894 0.0216496 0.0210041 0.0209676 0.0217252 0.0228841 0.0238434 0.0238434 0.0238434 
        Year: 2010  0.00307161 0.0128479 0.034258 0.0504915 0.0498427 0.047437 0.04676 0.0481055 0.0496358 0.0496358 0.0496358 
        Year: 2011  0.00219551 0.00790978 0.0205645 0.0331912 0.0339068 0.031979 0.0312455 0.0317958 0.0325633 0.0325633 0.0325633 
        Year: 2012  0.00598744 0.0175877 0.039469 0.0567158 0.057516 0.0580669 0.0601671 0.063007 0.0651954 0.0651954 0.0651954 
        Year: 2013  0.00513996 0.0189146 0.0418474 0.0511294 0.0526341 0.0544972 0.0567736 0.059719 0.0622288 0.0622288 0.0622288 
        Year: 2014  0.0019193 0.0074691 0.0166281 0.0193441 0.0199729 0.0201695 0.0210778 0.0226452 0.0237682 0.0237682 0.0237682 
        Year: 2015  0.000744841 0.00271793 0.00673331 0.00772263 0.00744045 0.0074273 0.00790877 0.0086025 0.00911847 0.00911847 0.00911847 
        Year: 2016  0.00109428 0.00371663 0.00833602 0.0107536 0.0105355 0.0103385 0.0109764 0.0120346 0.0128075 0.0128075 0.0128075 
        Year: 2017  0.000703945 0.00246547 0.00636674 0.00884776 0.00883575 0.00860983 0.00881804 0.00948308 0.00998484 0.00998484 0.00998484 
        Year: 2018  0.000608943 0.00188219 0.00435109 0.0065384 0.00719202 0.00718431 0.00731662 0.00772586 0.00816466 0.00816466 0.00816466 
        Year: 2019  0.000254304 0.00072165 0.00178002 0.00331785 0.0042383 0.0042837 0.00411556 0.00406411 0.00415365 0.00415365 0.00415365 
        Year: 2020  0.000270621 0.000767954 0.00189424 0.00353073 0.00451024 0.00455856 0.00437963 0.00432487 0.00442016 0.00442016 0.00442016 
        Year: 2021  0.000185353 0.000525984 0.00129739 0.00241825 0.00308913 0.00312223 0.00299968 0.00296217 0.00302744 0.00302744 0.00302744 
Fishery 4 : 
        Year: 1992  0.000683649 0.00210722 0.00594156 0.014004 0.0266133 0.041949 0.0589576 0.0779276 0.0965164 0.0965164 0.0965164 
        Year: 1993  0.000870751 0.00268392 0.00756765 0.0178367 0.0338968 0.0534297 0.0750933 0.099255 0.122931 0.122931 0.122931 
        Year: 1994  0.000978267 0.00310704 0.00896586 0.0213399 0.0403464 0.063711 0.0892156 0.115877 0.136512 0.136512 0.136512 
        Year: 1995  0.000904039 0.00306538 0.00930673 0.0226083 0.0420352 0.063592 0.087277 0.110733 0.128001 0.128001 0.128001 
        Year: 1996  0.000421155 0.00156171 0.00518549 0.0129411 0.0234366 0.0337552 0.04367 0.054255 0.0615906 0.0615906 0.0615906 
        Year: 1997  0.000533341 0.00220077 0.00826268 0.0218043 0.0364165 0.0495343 0.061831 0.0735947 0.082338 0.082338 0.082338 
        Year: 1998  0.000550356 0.00247389 0.0115693 0.0324848 0.046733 0.0581387 0.0717392 0.0857477 0.0910842 0.0910842 0.0910842 
        Year: 1999  0.000335507 0.00151295 0.00663521 0.0173267 0.0258521 0.038616 0.0549917 0.0625029 0.0568921 0.0568921 0.0568921 
        Year: 2000  0.000406402 0.00187692 0.00808426 0.0221035 0.0356444 0.0519517 0.0657325 0.0727056 0.0725904 0.0725904 0.0725904 
        Year: 2001  0.000375036 0.00178928 0.00712939 0.0173461 0.030299 0.0446648 0.0658335 0.0744787 0.0703595 0.0703595 0.0703595 
        Year: 2002  0.000772317 0.00315667 0.0112269 0.031252 0.0641875 0.110082 0.147289 0.166347 0.153345 0.153345 0.153345 
        Year: 2003  0.00118086 0.00456793 0.0156825 0.0434271 0.102928 0.215727 0.259168 0.261022 0.247033 0.247033 0.247033 
        Year: 2004  0.000425839 0.00170592 0.00674682 0.0208808 0.0439644 0.0794599 0.091651 0.0967819 0.0963431 0.0963431 0.0963431 
        Year: 2005  0.000444421 0.00195549 0.00851094 0.0249587 0.0572728 0.0886549 0.0936753 0.0971592 0.0947807 0.0947807 0.0947807 
        Year: 2006  0.000552306 0.00296177 0.0144563 0.0369466 0.0572342 0.0777532 0.0866204 0.0969436 0.0981278 0.0981278 0.0981278 
        Year: 2007  0.00143116 0.0102536 0.0376647 0.0757895 0.10251 0.138217 0.158066 0.177706 0.187968 0.187968 0.187968 
        Year: 2008  0.00156097 0.00902215 0.0355295 0.0679018 0.0839445 0.106618 0.122553 0.132951 0.140693 0.140693 0.140693 
        Year: 2009  0.0044075 0.0265167 0.09151 0.170257 0.201857 0.233872 0.260689 0.284502 0.302985 0.302985 0.302985 
        Year: 2010  0.00190648 0.0107993 0.0351479 0.068637 0.0827863 0.0884162 0.0917578 0.0977107 0.103673 0.103673 0.103673 
        Year: 2011  0.00314048 0.0170509 0.0606527 0.120755 0.141386 0.134015 0.129143 0.135292 0.144028 0.144028 0.144028 
        Year: 2012  0.00359621 0.0248024 0.0763119 0.112975 0.107258 0.105287 0.108765 0.118127 0.128131 0.128131 0.128131 
        Year: 2013  0.0040342 0.0279274 0.0959831 0.130377 0.120081 0.110158 0.108445 0.11597 0.125844 0.125844 0.125844 
        Year: 2014  0.00385119 0.0281416 0.0942445 0.110147 0.0978139 0.0860646 0.0839658 0.0905249 0.0985795 0.0985795 0.0985795 
        Year: 2015  0.00531892 0.0394688 0.135507 0.148304 0.11993 0.101679 0.0987971 0.106594 0.116066 0.116066 0.116066 
        Year: 2016  0.00402221 0.0273971 0.0936508 0.11258 0.0844725 0.0667616 0.063147 0.0679915 0.0741737 0.0741737 0.0741737 
        Year: 2017  0.00502162 0.0294031 0.0998578 0.126387 0.0928013 0.0700134 0.0636025 0.0680214 0.0750493 0.0750493 0.0750493 
        Year: 2018  0.00684536 0.0391535 0.105492 0.122224 0.0892862 0.0666657 0.0610047 0.0664422 0.0753386 0.0753386 0.0753386 
        Year: 2019  0.00713346 0.0375757 0.0846221 0.0965104 0.0656175 0.0489608 0.0452546 0.0507121 0.0590218 0.0590218 0.0590218 
        Year: 2020  0.00743473 0.0391627 0.0881959 0.100586 0.0683887 0.0510286 0.0471659 0.0528538 0.0615145 0.0615145 0.0615145 
        Year: 2021  0.00581491 0.0306302 0.0689805 0.0786714 0.0534887 0.0399109 0.0368897 0.0413384 0.0481122 0.0481122 0.0481122 

survey q 
 1.27755 1.27755 1.27755 1.27755 1.27755 1.27755 1.27755 1.27755 1.27755 1.27755 1.27755 1.27755 1.27755 1.27755 1.27755 1.27755 1.27755 1.27755 1.27755 1.27755 1.27755 1.27755 1.27755 1.27755

Observed survey values 

Yr_Obs_Pred_Survey 1 : 
1992 -1  1.16551e+06
1993 198540 1.15139e+06
1994 -1  1.18656e+06
1995 505765 1.20407e+06
1996 -1  1.20465e+06
1997 712878 1.12783e+06
1998 -1  1.0428e+06
1999 899207 932489
2000 891598 808008
2001 917122 662320
2002 -1  481569
2003 -1  296869
2004 272084 196063
2005 223721 177619
2006 266596 199008
2007 278700 214784
2008 313778 225588
2009 322729 210199
2010 284575 191727
2011 290331 188119
2012 273954 189231
2013 224977 188666
2014 204997 208062
2015 211884 232150
2016 242920 275244
2017 301330 312719
2018 304710 360537
2019 356883 376533
2020 354003 359043
2021 342125 357664

Survey_Q:   1.27755 1.27755 1.27755 1.27755 1.27755 1.27755 1.27755 1.27755 1.27755 1.27755 1.27755 1.27755 1.27755 1.27755 1.27755 1.27755 1.27755 1.27755 1.27755 1.27755 1.27755 1.27755 1.27755 1.27755

Observed Prop 
ObsFishery 1 : 
1992  0.0114737 0.0618066 0.146377 0.169638 0.165326 0.132657 0.114577 0.0820644 0.0452168 0.0333997 0.0374637
1993  0.0640109 0.143728 0.162638 0.146539 0.0921866 0.0971638 0.0987506 0.0771043 0.051715 0.0349407 0.0312237
1994  0.0357941 0.126252 0.420429 0.289456 0.0763523 0.0187444 0.0129406 0.00540936 0.00660567 0.00251481 0.00550229
1995  0.0243075 0.113006 0.37633 0.316603 0.0986553 0.0392795 0.0158509 0.00533004 0.00310068 0.00270418 0.00483214
1996  0.00345688 0.0481767 0.173082 0.280356 0.222031 0.140616 0.0637493 0.0286754 0.0146061 0.00825131 0.016999
1997  0.02967 0.189339 0.207154 0.217569 0.221954 0.0978205 0.0219978 0.0050403 0.00154241 0.00573626 0.00217743
1998  0.0067836 0.0705653 0.232691 0.215528 0.211146 0.189879 0.0565531 0.0110489 0.00580506 0 0
1999  0.00030945 0.017179 0.12061 0.2276 0.215658 0.211614 0.138934 0.050761 0.0125912 0.0033645 0.00137834
2000  0 0.0782553 0.0932061 0.105331 0.190684 0.251805 0.197467 0.0641223 0.0145073 0.00436267 0.000260067
2001  0.00802251 0.0984447 0.1774 0.140013 0.126385 0.154126 0.182383 0.0842312 0.0239653 0.00352705 0.00150312
2002  0 0.0202987 0.0889593 0.152326 0.258897 0.159167 0.13567 0.0955759 0.0476264 0.0306273 0.010853
2003  0.00943111 0.0151349 0.0634879 0.0879192 0.208087 0.27936 0.128768 0.10147 0.0549828 0.0230733 0.0282867
2004  0.150591 0.201562 0.215632 0.160958 0.0856152 0.0962016 0.0356415 0.0139806 0.0271935 0.00839019 0.00423487
2005  0.0572594 0.262764 0.431943 0.0871423 0.0878241 0.0433604 0.0125842 0.00830886 0.00356055 0.002614 0.002639
2006  0.0545322 0.295269 0.484599 0.118105 0.019545 0.0127951 0.00576856 0.00444537 0.00384972 0.000650957 0.000439644
2007  0.0378568 0.56594 0.293837 0.0735392 0.013215 0.00992997 0.0022172 0.00262282 0.000290014 0.000187106 0.000364856
2008  0.105534 0.269976 0.384832 0.149223 0.035777 0.0275083 0.0149857 0.00608773 0.00263916 0.00158112 0.00185558
2009  0.0351503 0.299292 0.357555 0.205257 0.0547104 0.0295208 0.0108789 0.00448286 0.0018412 0.000829543 0.000481938
2010  0.0228006 0.186431 0.312856 0.274104 0.116602 0.0471733 0.0193632 0.00896739 0.00656052 0.00281566 0.00232676
2011  0.0516624 0.186046 0.282976 0.246537 0.12345 0.0573278 0.0253983 0.0137285 0.00584792 0.00337226 0.00365381
2012  0.19996 0.308187 0.285291 0.151413 0.024576 0.00857537 0.0067418 0.00682438 0.00405432 0.00264201 0.00173508
2013  0.0824212 0.310667 0.376534 0.137281 0.0411749 0.0252114 0.0130457 0.00506213 0.00386701 0.00355838 0.00117761
2014  0.0859013 0.303731 0.35319 0.148316 0.0658994 0.0240279 0.00877268 0.00666 0.00228463 0.0011414 7.49958e-05
2015  0.0803117 0.250196 0.396232 0.170715 0.065753 0.0208121 0.00961714 0.00488366 0.000935477 0.000396266 0.000148374
2016  0.153431 0.268888 0.306659 0.167497 0.0655868 0.0230865 0.00918934 0.00454198 0.000726779 0.000393607 0
2017  0.0325008 0.211815 0.333164 0.232348 0.0960466 0.0493403 0.0240079 0.0138576 0.00432302 0.00125464 0.00134283
2018  0.146027 0.240896 0.311978 0.180418 0.0782236 0.0230368 0.00986459 0.00662164 0.00267257 7.10962e-05 0.000190667
2019  0.103772 0.197793 0.240594 0.229451 0.13394 0.0617828 0.0198452 0.00917502 0.00262143 0.000981247 4.47649e-05
2020  0.00838449 0.0815624 0.253427 0.325113 0.202545 0.0827542 0.0286902 0.0108483 0.00402024 0.00206292 0.000593004
2021  0.00286657 0.0421398 0.144093 0.238778 0.191805 0.151577 0.0963193 0.0553377 0.0447493 0.00927095 0.0230638
ObsFishery 2 : 
1998  0 0.00685271 0.177127 0.334931 0.261802 0.144313 0.0459216 0.0196388 0.00941332 0 0
1999  0 0.00143298 0.0794764 0.200682 0.169452 0.196743 0.180679 0.114321 0.038903 0.0147982 0.00351311
2000  0 0.00428003 0.0938565 0.188567 0.239129 0.247159 0.13796 0.050674 0.023236 0.0151391 0
2001  0.0017359 0.0428588 0.110901 0.146986 0.148133 0.17014 0.200001 0.115021 0.0409291 0.00918383 0.0141102
2002  0 0.00251977 0.0194047 0.103219 0.19392 0.188582 0.218287 0.156739 0.0623815 0.0399685 0.0149779
2003  0.000107256 0.000682774 0.0130381 0.037618 0.137109 0.329142 0.181634 0.163921 0.0725781 0.0335946 0.0305757
2004  0.00750848 0.012343 0.0586912 0.185612 0.183708 0.217541 0.115847 0.0713982 0.0987162 0.0317699 0.0168649
2005  0.00293146 0.019462 0.111367 0.112282 0.276844 0.250776 0.0992979 0.0666514 0.0303585 0.0176603 0.0123693
2006  0.03059 0.0820582 0.307706 0.2736 0.122348 0.0974199 0.0353428 0.0323359 0.0157739 0.00225515 0.000569849
2007  0.0158465 0.309705 0.336647 0.205593 0.0622047 0.0498107 0.00863464 0.00839969 0.00106383 0.000476439 0.00161859
2008  0.0440956 0.141734 0.398344 0.244563 0.0769218 0.0534006 0.025812 0.00769647 0.00293685 0.00200075 0.00249517
2009  0.0214133 0.196098 0.345227 0.292287 0.085307 0.0409235 0.0118684 0.00384863 0.00162034 0.000999165 0.000407067
2010  0.0272176 0.16555 0.285285 0.285738 0.136586 0.0549216 0.0215934 0.00887919 0.00622882 0.00358291 0.00441729
2011  0.0156107 0.100561 0.266311 0.302804 0.186016 0.0807027 0.0248944 0.0120095 0.00423947 0.00230087 0.00455082
2012  0.0481513 0.340814 0.371543 0.199523 0.0249643 0.00353647 0.00262427 0.00277256 0.00173229 0.00144919 0.00288939
2013  0.0107811 0.20984 0.440693 0.214682 0.0699691 0.0310082 0.0107142 0.00389584 0.00245193 0.0035813 0.00238258
2014  0.0295991 0.251663 0.44445 0.189119 0.0615491 0.0138052 0.00359714 0.00268681 0.00146714 0.00129037 0.000773341
2015  0.0178976 0.257789 0.467532 0.180764 0.0543623 0.0110275 0.00419696 0.00328534 0.00130797 0.00153698 0.000299468
2016  0.0238657 0.214454 0.434918 0.231305 0.0631138 0.015654 0.00677351 0.0053655 0.00182035 0.00273052 0
2017  0.0155602 0.192057 0.391327 0.270382 0.0780929 0.027352 0.0107906 0.00702224 0.00372666 0.000825056 0.00286452
2018  0.0449622 0.259408 0.405122 0.204489 0.0612777 0.0105061 0.00434494 0.00401511 0.00358853 0.000848758 0.00143805
2019  0.0798206 0.332938 0.316125 0.179292 0.0605042 0.0168977 0.00522789 0.00516672 0.00235279 0.0012705 0.000404679
2020  0.0202536 0.190415 0.40411 0.290085 0.0647634 0.0158408 0.00456837 0.00239734 0.00286407 0.00251756 0.00218518
ObsFishery 3 : 
ObsFishery 4 : 
Pobs_length_fishery_1

Pobs_length_fishery_2

Pobs_length_fishery_3

Pobs_length_fishery_4


Predicted prop  
PredFishery 1 : 
1992  0.0383437 0.085284 0.153642 0.152423 0.151285 0.119577 0.0977863 0.0626021 0.0370303 0.0209461 0.0810813
1993  0.0492519 0.120029 0.185952 0.185442 0.114941 0.101794 0.0797112 0.0559327 0.0312566 0.0201557 0.055534
1994  0.0437737 0.130989 0.291568 0.227516 0.112319 0.0561158 0.0457678 0.030594 0.019945 0.0121031 0.0293084
1995  0.0350264 0.12394 0.295756 0.268975 0.12265 0.0620474 0.0300979 0.021521 0.013258 0.0086887 0.0180402
1996  0.0342041 0.0996078 0.232725 0.277078 0.184516 0.085606 0.0385826 0.0163122 0.0109131 0.00678199 0.0136729
1997  0.0235998 0.110019 0.200478 0.259086 0.213409 0.109192 0.0418148 0.0183093 0.00791558 0.00562816 0.010549
1998  0.022973 0.0636093 0.192085 0.224526 0.232331 0.155909 0.0631249 0.0222147 0.00970785 0.00444156 0.00907728
1999  0.0185874 0.0606108 0.117697 0.220806 0.21329 0.199052 0.105059 0.0372625 0.0126687 0.00625595 0.00871184
2000  0.0199895 0.0573146 0.12488 0.141263 0.212133 0.198769 0.14748 0.0587363 0.0203805 0.00873471 0.0103199
2001  0.0201277 0.0661114 0.126967 0.16843 0.155118 0.191424 0.138023 0.0758403 0.0312801 0.0137879 0.0128908
2002  0.0205496 0.0598333 0.13298 0.165744 0.202947 0.146389 0.12891 0.0688796 0.0386067 0.0189759 0.0161845
2003  0.0446247 0.0707098 0.144766 0.191862 0.178782 0.159242 0.0808414 0.0612962 0.0321926 0.0186753 0.0170082
2004  0.0992194 0.174489 0.196961 0.188268 0.144126 0.0846875 0.0467845 0.0237792 0.0204377 0.0100771 0.0111699
2005  0.10424 0.265949 0.316145 0.126307 0.0865594 0.051612 0.0220781 0.0120208 0.0059765 0.00446777 0.00464469
2006  0.110854 0.319946 0.362749 0.115893 0.0387328 0.0254688 0.0140157 0.00594346 0.00305928 0.0013223 0.00201613
2007  0.0861816 0.427079 0.32401 0.103835 0.0322562 0.0122731 0.00757398 0.00385059 0.00149296 0.000692177 0.000755337
2008  0.0973439 0.286641 0.400355 0.149368 0.0425531 0.0139982 0.00494503 0.00271072 0.00122894 0.000434624 0.000421393
2009  0.0646508 0.28145 0.350692 0.215003 0.0612968 0.0180975 0.0055205 0.00176858 0.00088799 0.000373195 0.00025995
2010  0.0640483 0.18378 0.378398 0.238251 0.0980661 0.0266398 0.00748818 0.00216261 0.000646625 0.000303061 0.000216085
2011  0.0994407 0.190456 0.284701 0.270714 0.10018 0.0390618 0.0109827 0.00314146 0.000874147 0.00024856 0.000199558
2012  0.131212 0.273459 0.274653 0.179931 0.0897927 0.0314887 0.0137168 0.00411837 0.0011611 0.000308899 0.000158352
2013  0.108085 0.267812 0.348236 0.156135 0.0660157 0.0340388 0.0122917 0.0052958 0.00152178 0.000405271 0.00016309
2014  0.109278 0.252943 0.328879 0.189591 0.0673645 0.028434 0.014898 0.00547403 0.00228936 0.000618511 0.000231004
2015  0.0997757 0.242868 0.316414 0.191459 0.0911127 0.0319827 0.0143734 0.00776404 0.0027595 0.00108758 0.000403568
2016  0.125492 0.222308 0.299867 0.179815 0.0932684 0.0469257 0.0177729 0.00815471 0.00423286 0.00140403 0.000758693
2017  0.0890828 0.227544 0.278581 0.209695 0.0967714 0.0519649 0.0278033 0.0106019 0.0045974 0.00222255 0.00113558
2018  0.108586 0.188225 0.292284 0.189064 0.110718 0.0532093 0.030517 0.0168053 0.00620457 0.00253456 0.00185134
2019  0.0637546 0.172745 0.222086 0.254537 0.137645 0.0763537 0.0360404 0.0200519 0.010552 0.00365248 0.00258187
2020  0.0422753 0.1189 0.260406 0.234667 0.180635 0.0789557 0.0423203 0.020574 0.0117299 0.00599485 0.00354189
2021  0.0529233 0.0824964 0.189336 0.292131 0.176343 0.109497 0.0462155 0.0255345 0.0127381 0.00705088 0.00573256
PredFishery 2 : 
1998  0.00721442 0.0244404 0.127178 0.255256 0.25466 0.15869 0.0821391 0.0401961 0.0209931 0.00960481 0.0196295
1999  0.00514496 0.0239795 0.0770714 0.212594 0.213943 0.206636 0.139237 0.0663114 0.0252501 0.0124688 0.0173636
2000  0.00437898 0.0177706 0.0769086 0.146295 0.232875 0.211933 0.159938 0.081859 0.0351649 0.015071 0.0178061
2001  0.0039715 0.0183702 0.0618603 0.14387 0.162723 0.217709 0.179683 0.11529 0.0520934 0.0229621 0.0214682
2002  0.00374553 0.0150238 0.0489234 0.105855 0.188892 0.187671 0.208136 0.120641 0.0633849 0.0311548 0.0265718
2003  0.00756493 0.016196 0.0499747 0.110472 0.170317 0.247363 0.153478 0.122908 0.0577327 0.0334914 0.0305017
2004  0.0170868 0.036735 0.0678648 0.161684 0.223919 0.201182 0.125604 0.0639287 0.0500077 0.0246571 0.0273309
2005  0.0306106 0.0725942 0.13387 0.151269 0.231205 0.198625 0.0863603 0.0452832 0.0198761 0.0148585 0.0154469
2006  0.0487342 0.125818 0.256349 0.224355 0.129014 0.10555 0.0586824 0.025593 0.012387 0.005354 0.00816333
2007  0.0424256 0.224566 0.324774 0.211879 0.0955784 0.045851 0.0287392 0.014888 0.00573709 0.00265986 0.00290257
2008  0.0442059 0.165335 0.390653 0.242901 0.092309 0.0370999 0.0138947 0.00766631 0.00349849 0.00123727 0.0011996
2009  0.0322894 0.178431 0.334055 0.297261 0.103566 0.0354884 0.011646 0.00386558 0.00198381 0.000833734 0.000580738
2010  0.0348595 0.135459 0.340435 0.284003 0.142831 0.0435404 0.0128852 0.00385188 0.00118433 0.000555072 0.000395771
2011  0.0470461 0.135792 0.277729 0.325756 0.138166 0.0541426 0.0150139 0.00442112 0.00127879 0.000363619 0.000291934
2012  0.0488239 0.238909 0.328985 0.222045 0.103738 0.0353718 0.0153616 0.00478345 0.00141371 0.000376103 0.000192804
2013  0.0438517 0.204404 0.412881 0.205805 0.0778538 0.0355664 0.0121367 0.00531607 0.0015908 0.000423653 0.000170487
2014  0.0470407 0.204452 0.399888 0.231596 0.0707749 0.0260289 0.012732 0.00469449 0.00203702 0.000550336 0.000205542
2015  0.0431291 0.213487 0.385454 0.222561 0.0888982 0.0265033 0.0108688 0.00582345 0.00212618 0.000837969 0.000310946
2016  0.0537135 0.190827 0.392295 0.219213 0.087081 0.0352866 0.0119064 0.00536493 0.00285463 0.000946877 0.000511661
2017  0.0508818 0.217281 0.349848 0.23984 0.0813807 0.0338345 0.0160569 0.00608897 0.00276683 0.00133758 0.00068342
2018  0.0673589 0.216065 0.391045 0.195027 0.0758494 0.0272462 0.0140409 0.00797525 0.00315931 0.00129057 0.000942686
2019  0.0548014 0.275625 0.323528 0.226883 0.065301 0.0267419 0.0121438 0.00766716 0.00459461 0.00159039 0.00112422
2020  0.0378798 0.197759 0.395441 0.218044 0.0893311 0.0288262 0.0148647 0.00820048 0.00532416 0.00272104 0.00160765
PredFishery 3 : 
PredFishery 4 : 
Pred_length_fishery_1

Pred_length_fishery_2

Pred_length_fishery_3

Pred_length_fishery_4


Observed prop Survey
ObsSurvey 1 : 
1993  0.266955 0.142411 0.0978958 0.0796713 0.0775442 0.0869057 0.0777365 0.0511494 0.0436481 0.0380415 0.0380415
1995  0.121176 0.361052 0.222115 0.113441 0.051574 0.0374146 0.0190798 0.01252 0.0103408 0.0256436 0.0256436
1997  0.179149 0.178265 0.232316 0.179016 0.111484 0.0501151 0.0175337 0.0178665 0.00283324 0.0157106 0.0157106
1999  0.0722051 0.134947 0.111336 0.0843534 0.102377 0.0900646 0.1208 0.0543338 0.043942 0.0928204 0.0928204
2000  0.272203 0.14194 0.106595 0.0948692 0.0930866 0.079588 0.0594605 0.0407673 0.0260923 0.0426991 0.0426991
2001  0.258995 0.329589 0.149736 0.0638983 0.0532614 0.0325039 0.0269652 0.0199507 0.0054628 0.0298191 0.0298191
2004  0.527436 0.172852 0.128034 0.0493255 0.0323036 0.0321818 0.0206154 0.00843343 0.00316505 0.0128267 0.0128267
2005  0.840197 0.093088 0.0243235 0.016521 0.0129309 0.00532805 0.00164667 0.00197854 0 0.0019931 0.0019931
2006  0.720923 0.209671 0.0446109 0.0121001 0.00488771 0.00231717 0.00173771 0.000497073 0.00031829 0.00146877 0.00146877
2007  0.691801 0.262543 0.0235093 0.0094639 0.00426652 0.00230324 0.00183333 0.00133233 0.000321508 0.00131301 0.00131301
2008  0.74086 0.179256 0.0405355 0.0110061 0.00990886 0.00680517 0.00123209 0.00238403 0.000738235 0.00363698 0.00363698
2009  0.302702 0.465742 0.179269 0.0271865 0.00529072 0.00579122 0.00203733 0.00271081 0.00379505 0.00376195 0.00171431
2010  0.359606 0.422875 0.15609 0.0355027 0.0198915 0.00248583 0.000205281 0.00105428 0.000260639 0.000655144 0.00137323
2011  0.393939 0.32396 0.202027 0.0370761 0.022221 0.00943027 0.00199755 0.00293328 0.00327611 0.00228306 0.000856539
2012  0.417115 0.359676 0.148771 0.0298838 0.0193198 0.00903458 0.00348566 0.00360637 0.0051532 0.0030837 0.000871103
2013  0.264407 0.251977 0.341243 0.0847458 0.0282486 0.0124294 0.00338983 0.00451977 0.00564972 0.00112994 0.00225989
2014  0.256912 0.321429 0.313364 0.0714286 0.0207373 0.00921659 0.00115207 0.00230415 0.00230415 0 0.00115207
2015  0.252762 0.491713 0.203039 0.0303867 0.0138122 0.00276243 0.00276243 0.00138122 0.00138122 0 0
2016  0.384682 0.366406 0.163621 0.0478677 0.0104439 0.00870322 0.0121845 0.000870322 0.00261097 0 0.00261097
2017  0.204242 0.542316 0.125316 0.0558534 0.0381422 0.0127178 0.00351104 0.0066654 0.00248559 0.00182797 0.00692177
Pobs_length_survey 1

Predicted prop Survey
PredSurvey 1 : 
1993  0.399883 0.246308 0.111144 0.0495722 0.0264663 0.0261308 0.0248472 0.0246721 0.0218316 0.0184127 0.0507315
1995  0.34252 0.300429 0.167692 0.0677638 0.0307237 0.0193185 0.0128775 0.0136348 0.0123849 0.0106156 0.0220411
1997  0.228111 0.288239 0.197379 0.118446 0.0648421 0.0345892 0.0198426 0.0141202 0.00937435 0.00871766 0.0163398
1999  0.200896 0.228933 0.153116 0.1319 0.0913825 0.0725083 0.0475455 0.0289211 0.0176003 0.0113673 0.0158297
2000  0.19636 0.190107 0.174286 0.0988428 0.0999615 0.076361 0.0629016 0.0423078 0.0264855 0.0148463 0.0175405
2001  0.181025 0.193198 0.148682 0.11593 0.0768437 0.0854056 0.0656714 0.0538636 0.0375236 0.0216326 0.0202251
2004  0.440601 0.256717 0.105481 0.0648462 0.0426051 0.0248654 0.0185199 0.0127508 0.0142448 0.0091862 0.0101823
2005  0.500319 0.292286 0.107842 0.0337937 0.0228935 0.0154176 0.00880011 0.0063775 0.004098 0.00400674 0.0041654
2006  0.549036 0.285556 0.103265 0.0289425 0.0111089 0.00816128 0.00561186 0.0031243 0.00214006 0.0012098 0.0018446
2007  0.452966 0.361696 0.12648 0.0333103 0.0114366 0.00496944 0.00374963 0.00246822 0.00128887 0.000781543 0.000852858
2008  0.447518 0.315269 0.167774 0.0438875 0.0138989 0.00538318 0.00241843 0.00176416 0.0010918 0.000505013 0.000489639
2009  0.362737 0.362829 0.17463 0.0664837 0.0200492 0.00728488 0.00296529 0.00129344 0.00089388 0.000491341 0.000342244
2010  0.391451 0.293003 0.200922 0.0680205 0.0291203 0.0103057 0.00409968 0.00165918 0.000691534 0.000423904 0.000302247
2011  0.475189 0.275618 0.140186 0.0645013 0.0238656 0.0123309 0.00497537 0.00201785 0.000787968 0.000293043 0.000235271
2012  0.435852 0.336601 0.13336 0.0484741 0.0247168 0.010653 0.00623367 0.0025726 0.0010071 0.000350423 0.000179639
2013  0.429049 0.314302 0.163194 0.0482578 0.0205516 0.0127201 0.00615034 0.003632 0.00144026 0.000501663 0.00020188
