P1
 0 0 0 0 0 0 0 0 0 0 0 0 0 0 0 0 0 0 0 0 0 0 0 0 0 0 0
 0 0 0 0 0 0 0 0 0 0 0 0 0 0 0 0 0 0 0 0 0 0 0 0 0 0 0
 0
 0
P2
 0 0 0 0 0 0 0 0 0 0 0 0 0 0 0 0 0 0 0 0 0 0 0 0 0 0 0
 0 0 0 0 0 0 0 0 0 0 0 0 0 0 0 0 0 0 0 0 0 0 0 0 0 0 0
 0
 0
P3
 0 0 0 0 0 0 0 0 0 0 0 0 0 0 0 0 0 0 0 0 0 0 0 0 0 0 0
 0 0 0 0 0 0 0 0 0 0 0 0 0 0 0 0 0 0 0 0 0 0 0 0 0 0 0
 0
 0
Try1 

Estimated annual F's 
 0.192875 0.259841 0.26696 0.259375 0.217059 0.189674 0.186681 0.20029 0.239221 0.277693 0.435496 0.750534 0.992882 0.803003 0.782601 0.700502 0.671058 0.668857 0.616364 0.691154 0.625262 0.572787 0.29205 0.276355 0.226411 0.209849 0.192906 0.181161 0.193372 0.147498
Total mortality (Z)
 0.285893 0.30258 0.34682 0.405872 0.447194 0.487178 0.537532 0.579392 0.603056 0.603056 0.603056
 0.287136 0.306311 0.357012 0.428933 0.489707 0.553009 0.627547 0.691429 0.73239 0.73239 0.73239
 0.287062 0.307367 0.377823 0.45627 0.49866 0.559771 0.631318 0.696051 0.734078 0.734078 0.734078
 0.286807 0.306203 0.370559 0.456213 0.51103 0.565682 0.626812 0.677961 0.710617 0.710617 0.710617
 0.286302 0.302778 0.348497 0.427257 0.508136 0.558499 0.57939 0.602857 0.617977 0.617977 0.617977
 0.286453 0.305232 0.346291 0.410969 0.484394 0.533218 0.547807 0.555662 0.565463 0.565463 0.565463
 0.286129 0.302538 0.349207 0.41803 0.47808 0.532155 0.551456 0.557231 0.552889 0.552889 0.552889
 0.287086 0.302869 0.34658 0.411502 0.467102 0.550215 0.614629 0.608948 0.564751 0.564751 0.564751
 0.289408 0.310929 0.355976 0.42431 0.498898 0.599488 0.678358 0.666235 0.629275 0.629275 0.629275
 0.293062 0.323748 0.384045 0.44099 0.518767 0.608932 0.725191 0.742577 0.699102 0.699102 0.699102
 0.299008 0.335895 0.417699 0.526583 0.668437 0.825841 0.927899 0.98917 0.959976 0.959976 0.959976
 0.315496 0.380422 0.511312 0.689373 0.954596 1.33551 1.42769 1.42043 1.43368 1.43368 1.43368
 0.332947 0.450149 0.698859 0.902968 1.16037 1.53942 1.65371 1.75427 1.83634 1.83634 1.83634
 0.32508 0.48443 0.845882 0.921743 1.07356 1.24953 1.29711 1.37352 1.44739 1.44739 1.44739
 0.321312 0.516534 0.926793 0.976714 1.00963 1.14287 1.23751 1.34287 1.40479 1.40479 1.40479
 0.315017 0.507576 0.761242 0.869149 0.921072 1.04877 1.15458 1.25688 1.31708 1.31708 1.31708
 0.315845 0.445778 0.720891 0.899045 0.937432 1.04046 1.13333 1.20426 1.25486 1.25486 1.25486
 0.313876 0.447989 0.719015 0.944957 0.993596 1.05161 1.11387 1.17663 1.22529 1.22529 1.22529
 0.313388 0.428967 0.699754 0.966934 1.02229 1.02571 1.03212 1.06599 1.10161 1.10161 1.10161
 0.318426 0.436015 0.74241 1.12051 1.2008 1.14288 1.10734 1.12728 1.16234 1.16234 1.16234
 0.328767 0.471807 0.779436 1.02156 1.01239 1.0022 1.01494 1.05196 1.09161 1.09161 1.09161
 0.321697 0.471859 0.811683 0.98077 0.965376 0.940387 0.936191 0.962204 0.996831 0.996831 0.996831
 0.300561 0.387507 0.591781 0.654802 0.632991 0.604894 0.600211 0.616187 0.634537 0.634537 0.634537
 0.300465 0.388004 0.61277 0.661636 0.609854 0.573748 0.570679 0.587269 0.605159 0.605159 0.605159
 0.299636 0.370719 0.542619 0.608655 0.555362 0.517614 0.513699 0.528947 0.544422 0.544422 0.544422
 0.298071 0.361514 0.527691 0.604099 0.546285 0.502583 0.491289 0.503001 0.517936 0.517936 0.517936
 0.301273 0.372494 0.51136 0.563681 0.517486 0.479469 0.470717 0.482767 0.500906 0.500906 0.500906
 0.302837 0.369418 0.47341 0.531413 0.503995 0.477403 0.467033 0.474633 0.490877 0.490877 0.490877
 0.304354 0.375244 0.486034 0.548062 0.519149 0.490894 0.479834 0.487906 0.505205 0.505205 0.505205
 0.298865 0.355311 0.442629 0.48841 0.461668 0.438408 0.429849 0.436538 0.450269 0.450269 0.450269
Estimated numbers of fish 
       Year: 1992  645830 341403 203591 113215 103039 77638.4 57464.5 34692.4 20243.8 6988.72 29747.8
       Year: 1993  804896 485240 252266 143925 75445.8 65885.3 47697.7 33570.1 19436 11076.2 20099.9
       Year: 1994  899905 604002 357213 176527 93724.5 46233.6 37898.3 25465.8 16813.9 9344.04 14988.2
       Year: 1995  808278 675348 444171 244817 111855 56923.1 26415.1 20157.8 12696 8069.8 11678.2
       Year: 1996  751860 606739 497216 306633 155135 67099.2 32330.7 14113.4 10233.1 6238.05 9702.99
       Year: 1997  463638 564674 448237 350909 200015 93331.7 38385.2 18113 7723.48 5515.98 8592.76
       Year: 1998  439398 348156 416138 317041 232655 123223 54759 22195 10391.3 4387.69 8015.13
       Year: 1999  296383 330061 257267 293480 208721 144240 72373.8 31547.2 12713.1 5977.94 7135.16
       Year: 2000  227875 222420 243814 181914 194476 130830 83201.4 39142.8 17159.3 7227.43 7454.82
       Year: 2001  161011 170611 162981 170789 119012 118085 71837.8 42220.5 20105.2 9145.51 7825.32
       Year: 2002  109887 120110 123426 111007 109886 70842.3 64230.4 34786.2 20092.1 9992.93 8435.03
       Year: 2003  145205 81487.1 85842.4 81283.3 65562.8 56317.4 31019.5 25395.6 12936.5 7693.32 7056.1
       Year: 2004  185055 105916 55702.3 51480.4 40795.3 25239.5 14812.8 7440.4 6135.82 3084.44 3516.71
       Year: 2005  222332 132649 67525.1 27692.5 20868.3 12784 5414.04 2834.27 1287.44 978.048 1052.22
       Year: 2006  295472 160628 81718.2 28980.3 11016.8 7132.56 3664.39 1479.77 717.674 302.785 477.486
       Year: 2007  253381 214275 95828.2 32345.8 10912.4 4014 2274.6 1063.07 386.36 176.13 191.493
       Year: 2008  256453 184912 128984 44760 13562.9 4344.15 1406.38 716.934 302.486 103.512 98.4922
       Year: 2009  181270 186999 118404 62727.3 18215.4 5311.65 1534.75 452.794 215.019 86.2431 57.5944
       Year: 2010  174259 132438 119476 57690.1 24381.9 6744.13 1855.75 503.84 139.604 63.145 42.241
       Year: 2011  215856 127377 86240.9 59344.5 21936.5 8771.82 2418.05 661.114 173.516 46.3952 35.0234
       Year: 2012  195407 156991 82363 41047.7 19353.1 6601.84 2797.33 799.007 214.143 54.2677 25.4639
       Year: 2013  186948 140656 97942.4 37777 14778.6 7031.94 2423.35 1013.82 279.054 71.8826 26.764
       Year: 2014  210155 135522 87747.3 43497.2 14167.2 5628.27 2745.81 950.242 387.331 102.984 36.4053
       Year: 2015  214774 155599 91985 48554.2 22598.7 7522.81 3073.78 1506.61 513.13 205.355 73.9016
       Year: 2016  283092 159035 105560 49841.9 25054.3 12280.8 4238.43 1737.12 837.441 280.162 152.471
       Year: 2017  265530 209796 109772 61354 27118.1 14377.7 7318.65 2535.76 1023.56 485.864 251.004
       Year: 2018  326071 197089 146148 64761.6 33534 15704 8698.05 4477.82 1533.41 609.782 438.988
       Year: 2019  219838 241252 135797 87642.2 36856.5 19986.9 9722.53 5432.4 2763.15 929.216 635.536
       Year: 2020  113135 162398 166738 84584.5 51513.8 22265.4 12399.7 6094.66 3379.57 1691.29 957.767
       Year: 2021  135032 83448.2 111587 102554 48895.7 30652.1 13628.2 7674 3741.58 2039.17 1598.39

Estimated F mortality 
Fishery 1 : 
        Year: 1992  0.00430739 0.0179002 0.0541241 0.0967171 0.112355 0.12139 0.139793 0.152493 0.153096 0.153096 0.153096 
        Year: 1993  0.0043609 0.0181225 0.0547965 0.0979185 0.113751 0.122898 0.141529 0.154387 0.154998 0.154998 0.154998 
        Year: 1994  0.00402287 0.0181196 0.0721226 0.1168 0.108312 0.107437 0.115815 0.125075 0.131168 0.131168 0.131168 
        Year: 1995  0.00392114 0.0167852 0.0629382 0.110538 0.111928 0.111055 0.114117 0.115442 0.118059 0.118059 0.118059 
        Year: 1996  0.00433597 0.0157841 0.0460263 0.0925032 0.130399 0.142356 0.131231 0.122639 0.118089 0.118089 0.118089 
        Year: 1997  0.00499761 0.0194941 0.0456166 0.0777633 0.117277 0.137221 0.129122 0.117933 0.113615 0.113615 0.113615 
        Year: 1998  0.0048089 0.0168849 0.043976 0.0699122 0.101948 0.13567 0.131746 0.115585 0.10478 0.10478 0.10478 
        Year: 1999  0.00586086 0.0176211 0.0447042 0.076834 0.108257 0.154649 0.173241 0.149127 0.123412 0.123412 0.123412 
        Year: 2000  0.00805805 0.0249906 0.0517382 0.0811834 0.12105 0.181194 0.225163 0.196343 0.161145 0.161145 0.161145 
        Year: 2001  0.0117643 0.0377846 0.0813969 0.108936 0.15199 0.205277 0.266348 0.261216 0.228301 0.228301 0.228301 
        Year: 2002  0.0167315 0.046804 0.106408 0.164789 0.231696 0.286649 0.308917 0.326003 0.321487 0.321487 0.321487 
        Year: 2003  0.0319692 0.0870034 0.18635 0.290585 0.414637 0.541137 0.539797 0.527941 0.560402 0.560402 0.560402 
        Year: 2004  0.0482706 0.15174 0.3475 0.411832 0.460029 0.552289 0.576891 0.623008 0.693793 0.693793 0.693793 
        Year: 2005  0.0425654 0.193659 0.520367 0.512602 0.510337 0.546243 0.580085 0.642283 0.72312 0.72312 0.72312 
        Year: 2006  0.0382427 0.220607 0.571618 0.509823 0.448238 0.485711 0.543591 0.606938 0.665566 0.665566 0.665566 
        Year: 2007  0.0298296 0.19164 0.352424 0.336216 0.308888 0.329897 0.375169 0.421851 0.455835 0.455835 0.455835 
        Year: 2008  0.0280484 0.12193 0.272125 0.3042 0.280153 0.29181 0.319221 0.348631 0.370344 0.370344 0.370344 
        Year: 2009  0.0236839 0.107842 0.237702 0.298205 0.287957 0.288534 0.301651 0.321081 0.336977 0.336977 0.336977 
        Year: 2010  0.0236668 0.095002 0.244759 0.355344 0.349895 0.334434 0.331865 0.343878 0.356366 0.356366 0.356366 
        Year: 2011  0.0254858 0.0880074 0.222803 0.356848 0.363518 0.343671 0.337254 0.344788 0.353954 0.353954 0.353954 
        Year: 2012  0.0344724 0.0971996 0.212496 0.303196 0.307955 0.312268 0.324533 0.3404 0.352142 0.352142 0.352142 
        Year: 2013  0.0278156 0.0988119 0.214058 0.261216 0.270337 0.280701 0.292363 0.306731 0.318746 0.318746 0.318746 
        Year: 2014  0.011234 0.0420895 0.0923798 0.108607 0.113294 0.114558 0.119111 0.126976 0.132494 0.132494 0.132494 
        Year: 2015  0.0103766 0.0363264 0.0886333 0.103266 0.100692 0.100557 0.106297 0.114479 0.120401 0.120401 0.120401 
        Year: 2016  0.0113519 0.03684 0.0809654 0.105299 0.104282 0.102466 0.107942 0.117184 0.123797 0.123797 0.123797 
        Year: 2017  0.00841181 0.0278388 0.0697502 0.0966958 0.0970469 0.0945822 0.096313 0.102825 0.107762 0.107762 0.107762 
        Year: 2018  0.00859297 0.0246718 0.0543563 0.0802329 0.0879032 0.0875375 0.0889269 0.0937839 0.0991732 0.0991732 0.0991732 
        Year: 2019  0.00889007 0.0225853 0.0511259 0.0917756 0.115756 0.116352 0.112247 0.11172 0.115416 0.115416 0.115416 
        Year: 2020  0.00953212 0.0242164 0.0548182 0.0984038 0.124116 0.124755 0.120353 0.119789 0.123751 0.123751 0.123751 
        Year: 2021  0.00670282 0.0170286 0.0385472 0.0691958 0.0872761 0.0877253 0.0846304 0.0842335 0.0870198 0.0870198 0.0870198 
Fishery 2 : 
        Year: 1992  0.000361505 0.00106676 0.00289392 0.0066456 0.0125001 0.0195547 0.0268376 0.0334844 0.0387408 0.0387408 0.0387408 
        Year: 1993  0.000633988 0.00187083 0.0050752 0.0116547 0.021922 0.0342939 0.0470663 0.0587231 0.0679415 0.0679415 0.0679415 
        Year: 1994  0.000718658 0.0021867 0.00607733 0.0140626 0.0260936 0.0407516 0.0556889 0.0688064 0.0763578 0.0763578 0.0763578 
        Year: 1995  0.000801556 0.00261538 0.00767078 0.0182388 0.0330762 0.0484964 0.0646225 0.0784594 0.0868016 0.0868016 0.0868016 
        Year: 1996  0.00102752 0.00365563 0.0117461 0.028621 0.0510889 0.0711646 0.0879 0.104658 0.11494 0.11494 0.11494 
        Year: 1997  0.000516998 0.0020389 0.00734614 0.0189056 0.0309556 0.0412176 0.0492794 0.0560463 0.0610631 0.0610631 0.0610631 
        Year: 1998  0.000242157 0.00103677 0.00462758 0.0124932 0.0176311 0.0213641 0.0256236 0.0296469 0.0308322 0.0308322 0.0308322 
        Year: 1999  0.000551433 0.00236248 0.00984719 0.0246082 0.0354909 0.052021 0.0726466 0.0809444 0.0726249 0.0726249 0.0726249 
        Year: 2000  0.000571969 0.00251601 0.0102694 0.026746 0.0414574 0.0585936 0.0733808 0.0804553 0.0797087 0.0797087 0.0797087 
        Year: 2001  0.000748636 0.00344143 0.01307 0.0300394 0.0500777 0.0713592 0.103207 0.116202 0.110108 0.110108 0.110108 
        Year: 2002  0.000765522 0.00305635 0.0105198 0.0274989 0.0526961 0.0871398 0.113965 0.12882 0.120524 0.120524 0.120524 
        Year: 2003  0.00123893 0.0047143 0.0157956 0.0417319 0.0913272 0.180706 0.213561 0.215178 0.208427 0.208427 0.208427 
        Year: 2004  0.00172604 0.00679519 0.0263399 0.077934 0.155155 0.261013 0.294119 0.314214 0.318381 0.318381 0.318381 
        Year: 2005  0.000855077 0.00366273 0.0154787 0.0439188 0.0963214 0.143955 0.148625 0.15346 0.151089 0.151089 0.151089 
        Year: 2006  0.0011401 0.00591518 0.0279197 0.0694109 0.104509 0.140075 0.153728 0.169334 0.170556 0.170556 0.170556 
        Year: 2007  0.00183896 0.0127388 0.0456648 0.0896618 0.117756 0.155576 0.177034 0.196751 0.206046 0.206046 0.206046 
        Year: 2008  0.00387147 0.0217743 0.0838074 0.15635 0.187354 0.232728 0.265236 0.285851 0.3002 0.3002 0.3002 
        Year: 2009  0.0042192 0.0248989 0.0833374 0.151824 0.176201 0.19998 0.220321 0.238258 0.251824 0.251824 0.251824 
        Year: 2010  0.00565372 0.0313866 0.101778 0.192855 0.228222 0.239202 0.244422 0.257134 0.270591 0.270591 0.270591 
        Year: 2011  0.00803131 0.0422079 0.148708 0.300174 0.345868 0.322237 0.304165 0.311863 0.327932 0.327932 0.327932 
        Year: 2012  0.00735161 0.0486575 0.147576 0.225453 0.218291 0.21083 0.211075 0.221958 0.236309 0.236309 0.236309 
        Year: 2013  0.00640623 0.0429401 0.146579 0.202848 0.191535 0.17522 0.167902 0.173275 0.18371 0.18371 0.18371 
        Year: 2014  0.0034287 0.024048 0.0806537 0.0978557 0.0881145 0.0773214 0.0739261 0.0769077 0.0816249 0.0816249 0.0816249 
        Year: 2015  0.00297496 0.0211368 0.071993 0.0820882 0.0675772 0.0569699 0.0543719 0.0568515 0.060381 0.060381 0.060381 
        Year: 2016  0.00260951 0.0169729 0.0572246 0.0703618 0.0538937 0.0425744 0.039616 0.0415079 0.0442997 0.0442997 0.0442997 
        Year: 2017  0.00271874 0.0151075 0.0500833 0.064005 0.0476338 0.0360272 0.0323611 0.0338247 0.0366388 0.0366388 0.0366388 
        Year: 2018  0.00323604 0.0173087 0.0451723 0.0519213 0.0381743 0.0285656 0.0259776 0.0278132 0.0310669 0.0310669 0.0310669 
        Year: 2019  0.00381214 0.0182677 0.0388913 0.0436346 0.0295855 0.0221543 0.0204417 0.0226628 0.026093 0.026093 0.026093 
        Year: 2020  0.00400311 0.0191828 0.0408396 0.0458205 0.0310676 0.0232641 0.0214658 0.0237981 0.0274002 0.0274002 0.0274002 
        Year: 2021  0.00324436 0.0155469 0.0330989 0.0371357 0.0251791 0.0188547 0.0173972 0.0192875 0.0222068 0.0222068 0.0222068 
Fishery 3 : 
        Year: 1992  0.00016362 0.000482825 0.00130981 0.00300784 0.00565764 0.00885058 0.0121469 0.0151553 0.0175344 0.0175344 0.0175344 
        Year: 1993  0.000845487 0.00249494 0.00676828 0.0155427 0.0292352 0.0457344 0.0627677 0.0783131 0.0906069 0.0906069 0.0906069 
        Year: 1994  0.000917237 0.00279092 0.00775662 0.0179483 0.0333037 0.0520121 0.0710768 0.087819 0.097457 0.097457 0.097457 
        Year: 1995  0.000849525 0.00277189 0.00812984 0.0193303 0.0350556 0.0513986 0.0684898 0.0831548 0.0919962 0.0919962 0.0919962 
        Year: 1996  0.000391939 0.0013944 0.00448044 0.0109172 0.0194874 0.027145 0.0335286 0.0399207 0.0438428 0.0438428 0.0438428 
        Year: 1997  0.00025523 0.00100655 0.00362661 0.00933322 0.015282 0.0203481 0.0243281 0.0276687 0.0301454 0.0301454 0.0301454 
        Year: 1998  0.000364177 0.00155919 0.00695934 0.0187884 0.0265151 0.0321291 0.038535 0.0445855 0.0463681 0.0463681 0.0463681 
        Year: 1999  0.00024636 0.00105547 0.00439936 0.010994 0.015856 0.0232411 0.0324558 0.036163 0.0324461 0.0324461 0.0324461 
        Year: 2000  0.000260949 0.00114788 0.00468522 0.0122023 0.0189141 0.0267321 0.0334785 0.0367061 0.0363655 0.0363655 0.0363655 
        Year: 2001  8.84031e-05 0.000406383 0.00154338 0.00354722 0.00591345 0.0084265 0.0121873 0.0137218 0.0130022 0.0130022 0.0130022 
        Year: 2002  0.000571792 0.00228288 0.00785753 0.0205397 0.0393603 0.0650874 0.085124 0.0962195 0.0900227 0.0900227 0.0900227 
        Year: 2003  0.000905831 0.00344682 0.0115488 0.0305119 0.0667731 0.132122 0.156144 0.157325 0.152389 0.152389 0.152389 
        Year: 2004  0.0024654 0.00970595 0.0376228 0.111317 0.221616 0.372819 0.420107 0.448809 0.454761 0.454761 0.454761 
        Year: 2005  0.00113532 0.00486314 0.0205515 0.0583125 0.127889 0.191134 0.197335 0.203754 0.200606 0.200606 0.200606 
        Year: 2006  0.00126117 0.00654335 0.0308847 0.0767821 0.115608 0.15495 0.170053 0.187316 0.188668 0.188668 0.188668 
        Year: 2007  0.00163249 0.0113086 0.0405377 0.079595 0.104535 0.138109 0.157158 0.174661 0.182912 0.182912 0.182912 
        Year: 2008  0.00206048 0.0115888 0.0446042 0.0832127 0.0997138 0.123863 0.141165 0.152136 0.159773 0.159773 0.159773 
        Year: 2009  0.000832505 0.00491289 0.0164436 0.0299568 0.0347668 0.0394587 0.0434722 0.0470114 0.0496882 0.0496882 0.0496882 
        Year: 2010  0.0018181 0.0100931 0.0327293 0.0620173 0.0733907 0.0769215 0.0786 0.0826878 0.0870155 0.0870155 0.0870155 
        Year: 2011  0.00115761 0.00608373 0.0214343 0.0432663 0.0498525 0.0464464 0.0438416 0.0449511 0.0472673 0.0472673 0.0472673 
        Year: 2012  0.00256385 0.0169691 0.0514667 0.078626 0.076128 0.0735262 0.0736117 0.077407 0.0824119 0.0824119 0.0824119 
        Year: 2013  0.00246372 0.016514 0.0563717 0.0780116 0.0736607 0.0673863 0.064572 0.0666385 0.0706516 0.0706516 0.0706516 
        Year: 2014  0.00100599 0.00705577 0.0236641 0.0287112 0.0258531 0.0226864 0.0216902 0.022565 0.0239491 0.0239491 0.0239491 
        Year: 2015  0.000398586 0.00283191 0.00964563 0.0109982 0.00905401 0.00763283 0.00728476 0.00761697 0.00808985 0.00808985 0.00808985 
        Year: 2016  0.000583891 0.00379777 0.0128043 0.0157438 0.012059 0.00952623 0.00886427 0.00928759 0.00991228 0.00991228 0.00991228 
        Year: 2017  0.000527312 0.00293018 0.0097139 0.0124141 0.0092388 0.00698765 0.00627659 0.00656046 0.00710627 0.00710627 0.00710627 
        Year: 2018  0.000526607 0.00281668 0.00735098 0.00844925 0.00621219 0.00464853 0.00422738 0.0045261 0.00505558 0.00505558 0.00505558 
        Year: 2019  0.000348169 0.00166842 0.00355202 0.00398522 0.0027021 0.00202339 0.00186698 0.00206984 0.00238312 0.00238312 0.00238312 
        Year: 2020  0.000394497 0.00189042 0.00402465 0.0045155 0.00306164 0.00229262 0.0021154 0.00234525 0.00270022 0.00270022 0.00270022 
        Year: 2021  0.000310856 0.00148961 0.00317134 0.00355812 0.00241251 0.00180654 0.00166689 0.00184801 0.00212772 0.00212772 0.00212772 
Fishery 4 : 
        Year: 1992  0.00106083 0.0031304 0.00849216 0.0195014 0.0366814 0.0573829 0.0787546 0.0982595 0.113684 0.113684 0.113684 
        Year: 1993  0.00129561 0.0038232 0.0103716 0.0238173 0.0447994 0.0700824 0.0961839 0.120005 0.138844 0.138844 0.138844 
        Year: 1994  0.00140324 0.00426972 0.0118665 0.0274585 0.05095 0.0795712 0.108738 0.134351 0.149096 0.149096 0.149096 
        Year: 1995  0.00123519 0.00403028 0.0118206 0.0281059 0.0509702 0.0747327 0.0995829 0.120905 0.133761 0.133761 0.133761 
        Year: 1996  0.000546267 0.00194346 0.00624464 0.0152159 0.0271606 0.0378335 0.0467306 0.0556397 0.0611061 0.0611061 0.0611061 
        Year: 1997  0.000682743 0.00269255 0.00970123 0.0249665 0.0408796 0.0544315 0.0650779 0.0740141 0.0806393 0.0806393 0.0806393 
        Year: 1998  0.000713999 0.00305691 0.0136444 0.0368361 0.051985 0.0629917 0.0755511 0.0874135 0.0909085 0.0909085 0.0909085 
        Year: 1999  0.00042724 0.00183041 0.00762942 0.0190659 0.0274977 0.0403049 0.0562852 0.0627142 0.0562684 0.0562684 0.0562684 
        Year: 2000  0.000517056 0.00227445 0.00928349 0.0241781 0.0374772 0.0529681 0.0663357 0.072731 0.0720561 0.0720561 0.0720561 
        Year: 2001  0.000460237 0.00211568 0.00803501 0.0184673 0.0307861 0.0438694 0.0634486 0.0714372 0.067691 0.067691 0.067691 
        Year: 2002  0.000939681 0.00375167 0.012913 0.0337549 0.0646846 0.106964 0.139893 0.158127 0.147943 0.147943 0.147943 
        Year: 2003  0.00138179 0.00525792 0.0176171 0.0465442 0.101858 0.201544 0.238188 0.23999 0.232461 0.232461 0.232461 
        Year: 2004  0.000484696 0.00190818 0.00739661 0.0218849 0.0435696 0.0732959 0.0825927 0.0882357 0.0894057 0.0894057 0.0894057 
        Year: 2005  0.00052391 0.00224418 0.00948385 0.0269093 0.0590166 0.0882021 0.0910634 0.0940259 0.0925732 0.0925732 0.0925732 
        Year: 2006  0.000668474 0.00346826 0.0163702 0.0406978 0.0612771 0.0821301 0.0901353 0.0992857 0.100002 0.100002 0.100002 
        Year: 2007  0.00171618 0.0118883 0.0426159 0.0836755 0.109894 0.145189 0.165214 0.183615 0.192289 0.192289 0.192289 
        Year: 2008  0.00186413 0.0104844 0.0403536 0.0752831 0.0902117 0.11206 0.127713 0.137638 0.144548 0.144548 0.144548 
        Year: 2009  0.00514039 0.0303351 0.101533 0.184972 0.214672 0.243642 0.268424 0.290277 0.306805 0.306805 0.306805 
        Year: 2010  0.00224907 0.0124857 0.0404876 0.0767181 0.0907875 0.0951553 0.0972317 0.102288 0.107642 0.107642 0.107642 
        Year: 2011  0.00375165 0.0197165 0.0694654 0.14022 0.161565 0.150526 0.142084 0.14568 0.153186 0.153186 0.153186 
        Year: 2012  0.00437865 0.0289806 0.087897 0.134281 0.130015 0.125571 0.125717 0.132199 0.140747 0.140747 0.140747 
        Year: 2013  0.0050118 0.0335934 0.114674 0.158694 0.149844 0.13708 0.131355 0.135559 0.143722 0.143722 0.143722 
        Year: 2014  0.00489235 0.0343137 0.115083 0.139629 0.125729 0.110329 0.105484 0.109738 0.116469 0.116469 0.116469 
        Year: 2015  0.00671489 0.0477086 0.162498 0.185284 0.152531 0.128589 0.122725 0.128322 0.136288 0.136288 0.136288 
        Year: 2016  0.00509024 0.0331081 0.111625 0.137251 0.105128 0.0830475 0.0772768 0.0809672 0.086413 0.086413 0.086413 
        Year: 2017  0.00641336 0.0356378 0.118144 0.150985 0.112366 0.0849863 0.0763382 0.0797906 0.086429 0.086429 0.086429 
        Year: 2018  0.00891747 0.047697 0.12448 0.143078 0.105196 0.0787173 0.0715856 0.0766441 0.0856102 0.0856102 0.0856102 
        Year: 2019  0.00978644 0.0468963 0.0998411 0.112018 0.0759513 0.056874 0.0524776 0.0581796 0.0669854 0.0669854 0.0669854 
        Year: 2020  0.0104246 0.0499544 0.106351 0.119322 0.0809039 0.0605826 0.0558995 0.0619733 0.0713534 0.0713534 0.0713534 
        Year: 2021  0.00860725 0.0412457 0.087811 0.0985206 0.0667998 0.0500212 0.0461545 0.0511694 0.0589143 0.0589143 0.0589143 

survey q 
 1.43149 1.43149 1.43149 1.43149 1.43149 1.43149 1.43149 1.43149 1.43149 1.43149 1.43149 1.43149 1.43149 1.43149 1.43149 1.43149 1.43149 1.43149 1.43149 1.43149 1.43149 1.43149 1.43149 1.43149
 1 1

Observed survey values 

Yr_Obs_Pred_Survey 1 : 
1992 -1  1.04783e+06
1993 198540 1.08952e+06
1994 -1  1.16369e+06
1995 505765 1.21038e+06
1996 -1  1.23821e+06
1997 712878 1.18211e+06
1998 -1  1.1127e+06
1999 899207 1.01204e+06
2000 891598 890967
2001 917122 744086
2002 -1  548764
2003 -1  335657
2004 272084 211280
2005 223721 187560
2006 266596 208949
2007 278700 224817
2008 313778 235592
2009 322729 218015
2010 284575 196426
2011 290331 189196
2012 273954 185986
2013 224977 180865
2014 204997 198085
2015 211884 220500
2016 242920 262044
2017 301330 297968
2018 304710 344205
2019 356883 355901
2020 354003 324648
2021 342125 303121

Yr_Obs_Pred_Survey 2 : 
1992 -1  4.76347e+06
1993 -1  133215
1994 200000 104960
1995 200000 64652

Survey_Q:   1.43149 1.43149 1.43149 1.43149 1.43149 1.43149 1.43149 1.43149 1.43149 1.43149 1.43149 1.43149 1.43149 1.43149 1.43149 1.43149 1.43149 1.43149 1.43149 1.43149 1.43149 1.43149 1.43149 1.43149
 1 1

Observed Prop 
ObsFishery 1 : 
1992  0.0114737 0.0618066 0.146377 0.169638 0.165326 0.132657 0.114577 0.0820644 0.0452168 0.0333997 0.0374637
1993  0.0640109 0.143728 0.162638 0.146539 0.0921866 0.0971638 0.0987506 0.0771043 0.051715 0.0349407 0.0312237
1994  0.0357941 0.126252 0.420429 0.289456 0.0763523 0.0187444 0.0129406 0.00540936 0.00660567 0.00251481 0.00550229
1995  0.0243075 0.113006 0.37633 0.316603 0.0986553 0.0392795 0.0158509 0.00533004 0.00310068 0.00270418 0.00483214
1996  0.00345688 0.0481767 0.173082 0.280356 0.222031 0.140616 0.0637493 0.0286754 0.0146061 0.00825131 0.016999
1997  0.02967 0.189339 0.207154 0.217569 0.221954 0.0978205 0.0219978 0.0050403 0.00154241 0.00573626 0.00217743
1998  0.0067836 0.0705653 0.232691 0.215528 0.211146 0.189879 0.0565531 0.0110489 0.00580506 0 0
1999  0.00030945 0.017179 0.12061 0.2276 0.215658 0.211614 0.138934 0.050761 0.0125912 0.0033645 0.00137834
2000  0 0.0782553 0.0932061 0.105331 0.190684 0.251805 0.197467 0.0641223 0.0145073 0.00436267 0.000260067
2001  0.00802251 0.0984447 0.1774 0.140013 0.126385 0.154126 0.182383 0.0842312 0.0239653 0.00352705 0.00150312
2002  0 0.0202987 0.0889593 0.152326 0.258897 0.159167 0.13567 0.0955759 0.0476264 0.0306273 0.010853
2003  0.00943111 0.0151349 0.0634879 0.0879192 0.208087 0.27936 0.128768 0.10147 0.0549828 0.0230733 0.0282867
2004  0.150591 0.201562 0.215632 0.160958 0.0856152 0.0962016 0.0356415 0.0139806 0.0271935 0.00839019 0.00423487
2005  0.0572594 0.262764 0.431943 0.0871423 0.0878241 0.0433604 0.0125842 0.00830886 0.00356055 0.002614 0.002639
2006  0.0545322 0.295269 0.484599 0.118105 0.019545 0.0127951 0.00576856 0.00444537 0.00384972 0.000650957 0.000439644
2007  0.0378568 0.56594 0.293837 0.0735392 0.013215 0.00992997 0.0022172 0.00262282 0.000290014 0.000187106 0.000364856
2008  0.105534 0.269976 0.384832 0.149223 0.035777 0.0275083 0.0149857 0.00608773 0.00263916 0.00158112 0.00185558
2009  0.0351503 0.299292 0.357555 0.205257 0.0547104 0.0295208 0.0108789 0.00448286 0.0018412 0.000829543 0.000481938
2010  0.0228006 0.186431 0.312856 0.274104 0.116602 0.0471733 0.0193632 0.00896739 0.00656052 0.00281566 0.00232676
2011  0.0516624 0.186046 0.282976 0.246537 0.12345 0.0573278 0.0253983 0.0137285 0.00584792 0.00337226 0.00365381
2012  0.19996 0.308187 0.285291 0.151413 0.024576 0.00857537 0.0067418 0.00682438 0.00405432 0.00264201 0.00173508
2013  0.0824212 0.310667 0.376534 0.137281 0.0411749 0.0252114 0.0130457 0.00506213 0.00386701 0.00355838 0.00117761
2014  0.0859013 0.303731 0.35319 0.148316 0.0658994 0.0240279 0.00877268 0.00666 0.00228463 0.0011414 7.49958e-05
2015  0.0803117 0.250196 0.396232 0.170715 0.065753 0.0208121 0.00961714 0.00488366 0.000935477 0.000396266 0.000148374
2016  0.153431 0.268888 0.306659 0.167497 0.0655868 0.0230865 0.00918934 0.00454198 0.000726779 0.000393607 0
2017  0.0325008 0.211815 0.333164 0.232348 0.0960466 0.0493403 0.0240079 0.0138576 0.00432302 0.00125464 0.00134283
2018  0.146027 0.240896 0.311978 0.180418 0.0782236 0.0230368 0.00986459 0.00662164 0.00267257 7.10962e-05 0.000190667
2019  0.103772 0.197793 0.240594 0.229451 0.13394 0.0617828 0.0198452 0.00917502 0.00262143 0.000981247 4.47649e-05
2020  0.00838449 0.0815624 0.253427 0.325113 0.202545 0.0827542 0.0286902 0.0108483 0.00402024 0.00206292 0.000593004
2021  0.00286657 0.0421398 0.144093 0.238778 0.191805 0.151577 0.0963193 0.0553377 0.0447493 0.00927095 0.0230638
ObsFishery 2 : 
1998  0 0.00685271 0.177127 0.334931 0.261802 0.144313 0.0459216 0.0196388 0.00941332 0 0
1999  0 0.00143298 0.0794764 0.200682 0.169452 0.196743 0.180679 0.114321 0.038903 0.0147982 0.00351311
2000  0 0.00428003 0.0938565 0.188567 0.239129 0.247159 0.13796 0.050674 0.023236 0.0151391 0
2001  0.0017359 0.0428588 0.110901 0.146986 0.148133 0.17014 0.200001 0.115021 0.0409291 0.00918383 0.0141102
2002  0 0.00251977 0.0194047 0.103219 0.19392 0.188582 0.218287 0.156739 0.0623815 0.0399685 0.0149779
2003  0.000107256 0.000682774 0.0130381 0.037618 0.137109 0.329142 0.181634 0.163921 0.0725781 0.0335946 0.0305757
2004  0.00750848 0.012343 0.0586912 0.185612 0.183708 0.217541 0.115847 0.0713982 0.0987162 0.0317699 0.0168649
2005  0.00293146 0.019462 0.111367 0.112282 0.276844 0.250776 0.0992979 0.0666514 0.0303585 0.0176603 0.0123693
2006  0.03059 0.0820582 0.307706 0.2736 0.122348 0.0974199 0.0353428 0.0323359 0.0157739 0.00225515 0.000569849
2007  0.0158465 0.309705 0.336647 0.205593 0.0622047 0.0498107 0.00863464 0.00839969 0.00106383 0.000476439 0.00161859
2008  0.0440956 0.141734 0.398344 0.244563 0.0769218 0.0534006 0.025812 0.00769647 0.00293685 0.00200075 0.00249517
2009  0.0214133 0.196098 0.345227 0.292287 0.085307 0.0409235 0.0118684 0.00384863 0.00162034 0.000999165 0.000407067
2010  0.0272176 0.16555 0.285285 0.285738 0.136586 0.0549216 0.0215934 0.00887919 0.00622882 0.00358291 0.00441729
2011  0.0156107 0.100561 0.266311 0.302804 0.186016 0.0807027 0.0248944 0.0120095 0.00423947 0.00230087 0.00455082
2012  0.0481513 0.340814 0.371543 0.199523 0.0249643 0.00353647 0.00262427 0.00277256 0.00173229 0.00144919 0.00288939
2013  0.0107811 0.20984 0.440693 0.214682 0.0699691 0.0310082 0.0107142 0.00389584 0.00245193 0.0035813 0.00238258
2014  0.0295991 0.251663 0.44445 0.189119 0.0615491 0.0138052 0.00359714 0.00268681 0.00146714 0.00129037 0.000773341
2015  0.0178976 0.257789 0.467532 0.180764 0.0543623 0.0110275 0.00419696 0.00328534 0.00130797 0.00153698 0.000299468
2016  0.0238657 0.214454 0.434918 0.231305 0.0631138 0.015654 0.00677351 0.0053655 0.00182035 0.00273052 0
2017  0.0155602 0.192057 0.391327 0.270382 0.0780929 0.027352 0.0107906 0.00702224 0.00372666 0.000825056 0.00286452
2018  0.0449622 0.259408 0.405122 0.204489 0.0612777 0.0105061 0.00434494 0.00401511 0.00358853 0.000848758 0.00143805
2019  0.0798206 0.332938 0.316125 0.179292 0.0605042 0.0168977 0.00522789 0.00516672 0.00235279 0.0012705 0.000404679
2020  0.0202536 0.190415 0.40411 0.290085 0.0647634 0.0158408 0.00456837 0.00239734 0.00286407 0.00251756 0.00218518
ObsFishery 3 : 
ObsFishery 4 : 
Pobs_length_fishery_1

Pobs_length_fishery_2

Pobs_length_fishery_3

Pobs_length_fishery_4


Predicted prop  
PredFishery 1 : 
1992  0.0406099 0.088507 0.156284 0.151061 0.156676 0.125216 0.104299 0.0673954 0.0390632 0.0134857 0.0574024
1993  0.049991 0.124106 0.19047 0.187768 0.111178 0.101907 0.0821512 0.061302 0.0349943 0.0199424 0.0361895
1994  0.04386 0.13132 0.29903 0.230737 0.111408 0.0530142 0.0453589 0.0319812 0.0217761 0.0121017 0.0194116
1995  0.0349172 0.123742 0.296032 0.275363 0.124222 0.0611818 0.0283817 0.0214157 0.0135961 0.00864192 0.0125061
1996  0.0339472 0.0989469 0.231387 0.276417 0.189922 0.0876425 0.0385626 0.015566 0.0107939 0.00657994 0.0102348
1997  0.0231508 0.109005 0.198584 0.257113 0.213635 0.114061 0.04385 0.0188313 0.00770149 0.00550028 0.00856829
1998  0.0225094 0.0621363 0.189208 0.221903 0.230951 0.158798 0.0679277 0.0240919 0.0102452 0.004326 0.00790245
1999  0.0177086 0.0588487 0.113989 0.216798 0.211717 0.201205 0.10985 0.0413233 0.0140589 0.00661075 0.00789047
2000  0.0180348 0.0540377 0.120054 0.136133 0.209655 0.201685 0.153863 0.063462 0.0232128 0.00977716 0.0100848
2001  0.017662 0.059241 0.118501 0.161843 0.151817 0.1953 0.14639 0.0837361 0.035524 0.0161592 0.0138266
2002  0.0173107 0.0520128 0.116944 0.154912 0.202262 0.150568 0.140834 0.0784411 0.0452304 0.0224956 0.0189885
2003  0.0405758 0.060103 0.12764 0.173944 0.178512 0.171404 0.0908629 0.0729592 0.0392497 0.0233418 0.0214085
2004  0.0986024 0.167947 0.180748 0.181192 0.144119 0.0923067 0.0542298 0.0283583 0.0252894 0.0127128 0.0144944
2005  0.106366 0.268047 0.312168 0.12209 0.0859617 0.0524854 0.0231634 0.0130302 0.00647639 0.00492 0.00529313
2006  0.114276 0.327257 0.360083 0.11152 0.036763 0.0244135 0.0135118 0.00584369 0.00303394 0.00128001 0.00201855
2007  0.0881272 0.437715 0.32136 0.0987614 0.0299404 0.0111492 0.00687984 0.00346984 0.0013306 0.000606581 0.000659488
2008  0.0992803 0.292815 0.402584 0.144571 0.0396918 0.0126828 0.00432334 0.00233886 0.00102725 0.000351532 0.000334483
2009  0.0648504 0.286076 0.353256 0.212973 0.0585113 0.0166882 0.00491364 0.00150416 0.000735113 0.00029485 0.000196905
2010  0.0640917 0.18521 0.380748 0.237857 0.0967184 0.0255343 0.00695363 0.00192902 0.000545843 0.000246893 0.00016516
2011  0.0997796 0.192423 0.287238 0.269728 0.098315 0.0380482 0.0104429 0.00289528 0.000769055 0.000205632 0.00015523
2012  0.131342 0.278314 0.278097 0.178375 0.085747 0.0297866 0.0130473 0.00384929 0.00104993 0.000266072 0.000124849
2013  0.109117 0.271891 0.352348 0.154309 0.0628798 0.0313957 0.0112891 0.00490086 0.00138158 0.000355886 0.000132507
2014  0.110743 0.256817 0.332277 0.18825 0.0645861 0.0262738 0.0133555 0.00489189 0.00206359 0.000548672 0.000193958
2015  0.100765 0.245235 0.319089 0.191995 0.0891759 0.0301323 0.0130328 0.0068283 0.00242628 0.000970999 0.000349436
2016  0.12724 0.224317 0.302241 0.180136 0.0918608 0.0450107 0.0163938 0.0072437 0.00366322 0.00122552 0.000666953
2017  0.0909275 0.230738 0.280084 0.209637 0.0954585 0.0503198 0.0262183 0.00964636 0.00405288 0.00192383 0.000993876
2018  0.114036 0.19136 0.293151 0.187227 0.108473 0.0514763 0.0290809 0.0157014 0.00563869 0.00224231 0.00161426
2019  0.0675499 0.1825 0.221564 0.249956 0.134252 0.0740775 0.0349299 0.0193574 0.010096 0.00339516 0.00232211
2020  0.0339488 0.119731 0.264325 0.233974 0.182112 0.0801489 0.0432799 0.0210946 0.0119886 0.00599966 0.00339757
2021  0.0419696 0.0641571 0.186447 0.301166 0.183353 0.116783 0.0502905 0.0280982 0.0140632 0.00766447 0.00600775
PredFishery 2 : 
1998  0.007291 0.0245414 0.12807 0.255068 0.256915 0.160848 0.0849809 0.0397484 0.0193917 0.00818809 0.0149575
1999  0.00510321 0.0241658 0.0769052 0.212671 0.21259 0.207299 0.141089 0.0686995 0.02534 0.0119153 0.0142219
2000  0.00413109 0.0175566 0.0768993 0.144732 0.231714 0.21047 0.161819 0.0839195 0.0370533 0.0156067 0.0160978
2001  0.00358336 0.0172024 0.0606645 0.142284 0.159476 0.21645 0.180849 0.11876 0.0546234 0.0248472 0.0212604
2002  0.00318293 0.0136495 0.0464619 0.103887 0.184868 0.183945 0.208798 0.124564 0.068144 0.0338918 0.028608
2003  0.00671671 0.0139108 0.0462135 0.106704 0.167948 0.24449 0.153552 0.127019 0.0623543 0.0370821 0.0340107
2004  0.0162248 0.0346097 0.0630459 0.157786 0.223678 0.200748 0.12723 0.0658168 0.0534045 0.0268462 0.0306085
2005  0.0307249 0.0728984 0.133522 0.150414 0.233299 0.198893 0.0853383 0.0447673 0.019458 0.0147819 0.0159029
2006  0.0503676 0.12973 0.260023 0.224474 0.126725 0.104092 0.0564935 0.0241041 0.0114944 0.00484947 0.00764751
2007  0.0433883 0.232366 0.332541 0.210336 0.0911544 0.0419898 0.0259266 0.0129243 0.00480331 0.00218969 0.00238068
2008  0.0445145 0.169863 0.402755 0.241374 0.0862262 0.0328576 0.011669 0.00622945 0.00270492 0.000925638 0.000880747
2009  0.031837 0.182019 0.341303 0.298808 0.0986651 0.0318745 0.00989001 0.00307587 0.00151389 0.000607211 0.000405504
2010  0.0338317 0.135208 0.349848 0.285248 0.139398 0.0403557 0.0113166 0.00318725 0.000915823 0.000414241 0.000277107
2011  0.0459274 0.134795 0.280024 0.331404 0.13663 0.0521086 0.0137568 0.0038251 0.00104073 0.000278272 0.000210065
2012  0.0478021 0.237767 0.329605 0.22636 0.103728 0.0343209 0.0144821 0.00428345 0.00120242 0.000304715 0.000142981
2013  0.0434137 0.204113 0.416806 0.207006 0.0769616 0.0338555 0.0111999 0.00478269 0.00137558 0.000354341 0.000131931
2014  0.046866 0.203459 0.402249 0.235186 0.0696511 0.0245893 0.0114936 0.00410839 0.00176279 0.000468694 0.000165685
2015  0.0429747 0.212263 0.38555 0.227033 0.0890282 0.0253945 0.00991665 0.00504434 0.00181004 0.000724379 0.000260684
2016  0.0538332 0.190211 0.393164 0.221539 0.0873767 0.0344207 0.0110738 0.00472234 0.00241263 0.000807134 0.000439261
2017  0.051123 0.217824 0.349848 0.241389 0.0815063 0.0333428 0.0153245 0.00552001 0.00239708 0.00113785 0.000587829
2018  0.0690426 0.215833 0.391668 0.19479 0.0757343 0.027006 0.0136577 0.00748629 0.00283979 0.00112929 0.000812984
2019  0.055043 0.280501 0.320276 0.225829 0.0652036 0.0268031 0.012088 0.00746179 0.00433731 0.00145859 0.0009976
2020  0.0289693 0.192715 0.40013 0.221371 0.0926243 0.0303692 0.0156849 0.00851537 0.0053936 0.0026992 0.00152854
PredFishery 3 : 
PredFishery 4 : 
Pred_length_fishery_1

Pred_length_fishery_2

Pred_length_fishery_3

Pred_length_fishery_4


Observed prop Survey
ObsSurvey 1 : 
1993  0.266955 0.142411 0.0978958 0.0796713 0.0775442 0.0869057 0.0777365 0.0511494 0.0436481 0.0380415 0.0380415
1995  0.121176 0.361052 0.222115 0.113441 0.051574 0.0374146 0.0190798 0.01252 0.0103408 0.0256436 0.0256436
1997  0.179149 0.178265 0.232316 0.179016 0.111484 0.0501151 0.0175337 0.0178665 0.00283324 0.0157106 0.0157106
1999  0.0722051 0.134947 0.111336 0.0843534 0.102377 0.0900646 0.1208 0.0543338 0.043942 0.0928204 0.0928204
2000  0.272203 0.14194 0.106595 0.0948692 0.0930866 0.079588 0.0594605 0.0407673 0.0260923 0.0426991 0.0426991
2001  0.258995 0.329589 0.149736 0.0638983 0.0532614 0.0325039 0.0269652 0.0199507 0.0054628 0.0298191 0.0298191
2004  0.527436 0.172852 0.128034 0.0493255 0.0323036 0.0321818 0.0206154 0.00843343 0.00316505 0.0128267 0.0128267
2005  0.840197 0.093088 0.0243235 0.016521 0.0129309 0.00532805 0.00164667 0.00197854 0 0.0019931 0.0019931
2006  0.720923 0.209671 0.0446109 0.0121001 0.00488771 0.00231717 0.00173771 0.000497073 0.00031829 0.00146877 0.00146877
2007  0.691801 0.262543 0.0235093 0.0094639 0.00426652 0.00230324 0.00183333 0.00133233 0.000321508 0.00131301 0.00131301
2008  0.74086 0.179256 0.0405355 0.0110061 0.00990886 0.00680517 0.00123209 0.00238403 0.000738235 0.00363698 0.00363698
2009  0.302702 0.465742 0.179269 0.0271865 0.00529072 0.00579122 0.00203733 0.00271081 0.00379505 0.00376195 0.00171431
2010  0.359606 0.422875 0.15609 0.0355027 0.0198915 0.00248583 0.000205281 0.00105428 0.000260639 0.000655144 0.00137323
2011  0.393939 0.32396 0.202027 0.0370761 0.022221 0.00943027 0.00199755 0.00293328 0.00327611 0.00228306 0.000856539
2012  0.417115 0.359676 0.148771 0.0298838 0.0193198 0.00903458 0.00348566 0.00360637 0.0051532 0.0030837 0.000871103
2013  0.264407 0.251977 0.341243 0.0847458 0.0282486 0.0124294 0.00338983 0.00451977 0.00564972 0.00112994 0.00225989
2014  0.256912 0.321429 0.313364 0.0714286 0.0207373 0.00921659 0.00115207 0.00230415 0.00230415 0 0.00115207
2015  0.252762 0.491713 0.203039 0.0303867 0.0138122 0.00276243 0.00276243 0.00138122 0.00138122 0 0
2016  0.384682 0.366406 0.163621 0.0478677 0.0104439 0.00870322 0.0121845 0.000870322 0.00261097 0 0.00261097
2017  0.204242 0.542316 0.125316 0.0558534 0.0381422 0.0127178 0.00351104 0.0066654 0.00248559 0.00182797 0.00692177
ObsSurvey 2 : 
Pobs_length_survey 1
Pobs_length_survey 2

Predicted prop Survey
PredSurvey 1 : 
1993  0.404702 0.256077 0.116236 0.0515546 0.0262062 0.0262106 0.0246777 0.0245487 0.0213349 0.0172144 0.031239
1995  0.342489 0.300314 0.171083 0.0727223 0.0323317 0.0189396 0.01152 0.0125181 0.0118925 0.0107026 0.0154882
1997  0.223777 0.286123 0.199422 0.121884 0.0668723 0.0360412 0.0199637 0.0137572 0.00896714 0.00906741 0.0141251
1999  0.191118 0.223831 0.15295 0.136196 0.0942114 0.0737092 0.0483841 0.0310437 0.0197354 0.0131391 0.0156825
2000  0.178188 0.182296 0.175051 0.101749 0.104633 0.0788827 0.065077 0.0452347 0.0311506 0.0185768 0.0191613
2001  0.159738 0.176467 0.146363 0.120281 0.0804741 0.0900276 0.0695157 0.0593336 0.0445538 0.0286948 0.0245526
2004  0.434922 0.24675 0.100942 0.0671434 0.046004 0.0271141 0.0202209 0.0140519 0.0169826 0.0120873 0.0137812
2005  0.501305 0.289275 0.107255 0.0341165 0.0236408 0.0155316 0.00869006 0.00638315 0.00426965 0.00459245 0.00494073
2006  0.552847 0.284661 0.102519 0.0286294 0.0107265 0.00763573 0.00504237 0.00280922 0.0020203 0.00120682 0.00190313
2007  0.454123 0.364304 0.126367 0.0324707 0.0106777 0.00433247 0.00313519 0.00202513 0.00109249 0.000705145 0.000766649
2008  0.447513 0.317483 0.169632 0.0430129 0.0128047 0.00458963 0.00191183 0.00137187 0.000863975 0.000418607 0.000398306
2009  0.360548 0.365069 0.177482 0.0668151 0.0189483 0.00634771 0.00240247 0.00100247 0.000711385 0.000403991 0.000269791
2010  0.390295 0.29431 0.203885 0.0682952 0.0280779 0.00921114 0.00342995 0.00133947 0.000558851 0.000357896 0.000239415
2011  0.475963 0.278347 0.141742 0.0634234 0.0224765 0.0110479 0.0042234 0.00167446 0.000661973 0.000250607 0.000189181
2012  0.435718 0.341803 0.134776 0.0472826 0.0225174 0.00918272 0.00524597 0.00215132 0.000866161 0.000310782 0.000145827
2013  0.434257 0.317702 0.163175 0.0462322 0.0183351 0.0105199 0.00493652 0.0029842 0.00123756 0.000451358 0.000168054
