    unsorted:	 2.478228307e-05 3.883063011 24.41674617 9.101853170 71.71605572 84.27040986 39.33224228 311.1920031 420.7010141 532.2697174 1823.632371 1502.059679 2356.564094 2727.901228 3026.108643 4203.619632 5571.166363 6953.250516 16352.89312 14702.10959 19646.51410 21688.90074 24445.90840 27061.57449 28216.52406 30754.91798 32078.55524 34495.14150 36609.34121 38436.52367 39239.72119 40247.87622 41132.57432 43898.57609 45074.44811 46603.28646 48043.77831 49309.89840 50690.10707 51957.25362 52661.30073 53751.18612 55612.67561 58312.00051 63775.74488 69659.82542 77978.02022 80133.42584 84690.19856 335928.9049 6597016.586 5224293.477
      sorted:	 2.478228307e-05 3.883063011 9.101853170 24.41674617 39.33224228 71.71605572 84.27040986 311.1920031 420.7010141 532.2697174 1502.059679 1823.632371 2356.564094 2727.901228 3026.108643 4203.619632 5571.166363 6953.250516 14702.10959 16352.89312 19646.51410 21688.90074 24445.90840 27061.57449 28216.52406 30754.91798 32078.55524 34495.14150 36609.34121 38436.52367 39239.72119 40247.87622 41132.57432 43898.57609 45074.44811 46603.28646 48043.77831 49309.89840 50690.10707 51957.25362 52661.30073 53751.18612 55612.67561 58312.00051 63775.74488 69659.82542 77978.02022 80133.42584 84690.19856 335928.9049 5224293.477 6597016.586
